   0.000000000000000  -0.707000000000000
   0.011000000000000  -0.707095032162736
   0.022000000000000  -0.707380113745260
   0.033000000000000  -0.707855179597017
   0.044000000000000  -0.708520053062807
   0.055000000000000  -0.709374344037017
   0.066000000000000  -0.710417306626221
   0.077000000000000  -0.711647656958694
   0.088000000000000  -0.713063352048771
   0.099000000000000  -0.714661331151850
   0.110000000000000  -0.716437221763413
   0.121000000000000  -0.718385013350313
   0.132000000000000  -0.720496703077548
   0.143000000000000  -0.722761919224734
   0.154000000000000  -0.725167529680367
   0.165000000000000  -0.727697244853978
   0.176000000000000  -0.730331226536896
   0.187000000000000  -0.733045716634099
   0.198000000000000  -0.735812702223859
   0.209000000000000  -0.738599635995096
   0.220000000000000  -0.741369233653530
   0.231000000000000  -0.744079372235753
   0.242000000000000  -0.746683115252586
   0.253000000000000  -0.749128891995631
   0.264000000000000  -0.751360858950324
   0.275000000000000  -0.753319470806810
   0.286000000000000  -0.754942286770872
   0.297000000000000  -0.756165034468889
   0.308000000000000  -0.756922948439996
   0.319000000000000  -0.757152392769418
   0.330000000000000  -0.756792767645098
   0.341000000000000  -0.755788687398944
   0.352000000000000  -0.754092402917838
   0.363000000000000  -0.751666424312851
   0.374000000000000  -0.748486280728570
   0.385000000000000  -0.744543333674743
   0.396000000000000  -0.739847539019657
   0.407000000000000  -0.734430031799793
   0.418000000000000  -0.728345388531428
   0.429000000000000  -0.721673405261151
   0.440000000000000  -0.714520217882129
   0.451000000000000  -0.707018586146982
   0.462000000000000  -0.699327166274198
   0.473000000000000  -0.691628610977424
   0.484000000000000  -0.684126361861331
   0.495000000000000  -0.677040038777761
   0.506000000000000  -0.670599384718311
   0.517000000000000  -0.665036793167499
   0.528000000000000  -0.660578526617292
   0.539000000000000  -0.657434828054502
   0.550000000000000  -0.655789228277477
   0.561000000000000  -0.655787456086642
   0.572000000000000  -0.657526459547117
   0.583000000000000  -0.661044137191925
   0.594000000000000  -0.666310449752917
   0.605000000000000  -0.673220626686145
   0.616000000000000  -0.681591188250204
   0.627000000000000  -0.691159464696632
   0.638000000000000  -0.701587202216625
   0.649000000000000  -0.712468696034106
   0.660000000000000  -0.723343683165276
   0.671000000000000  -0.733714963845554
   0.682000000000000  -0.743070409413325
   0.693000000000000  -0.750908668977122
   0.704000000000000  -0.756767526532785
   0.715000000000000  -0.760253508667440
   0.726000000000000  -0.761071029297180
   0.737000000000000  -0.759049113629440
   0.748000000000000  -0.754163601092897
   0.759000000000000  -0.746552716830723
   0.770000000000000  -0.736524049032098
   0.781000000000000  -0.724551292120712
   0.792000000000000  -0.711259619304076
   0.803000000000000  -0.697399223426867
   0.814000000000000  -0.683807387060392
   0.825000000000000  -0.671360368252005
   0.836000000000000  -0.660917357124536
   0.847000000000000  -0.653259695368869
   0.858000000000000  -0.649029369607501
   0.869000000000000  -0.648671399846133
   0.880000000000000  -0.652385057956430
   0.891000000000000  -0.660088792453001
   0.902000000000000  -0.671403250294548
   0.913000000000000  -0.685655850242792
   0.924000000000000  -0.701908990107558
   0.935000000000000  -0.719012220475628
   0.946000000000000  -0.735676694429517
   0.957000000000000  -0.750568053623149
   0.968000000000000  -0.762411818880798
   0.979000000000000  -0.770103524353497
   0.990000000000000  -0.772814480327984
   1.001000000000000  -0.770083368424095
   1.012000000000000  -0.761884024111472
   1.023000000000000  -0.748660845325729
   1.034000000000000  -0.731325302974472
   1.045000000000000  -0.711209945888556
   1.056000000000000  -0.689979915556449
   1.067000000000000  -0.669506044215587
   1.078000000000000  -0.651707750803857
   1.089000000000000  -0.638377763813279
   1.100000000000000  -0.631003758758296
   1.111000000000000  -0.630603894336726
   1.122000000000000  -0.637593629135485
   1.133000000000000  -0.651699879699880
   1.144000000000000  -0.671935476082733
   1.155000000000000  -0.696642100282092
   1.166000000000000  -0.723603766688464
   1.177000000000000  -0.750225914781834
   1.188000000000000  -0.773767976224739
   1.199000000000000  -0.791610591698064
   1.210000000000000  -0.801533254125305
   1.221000000000000  -0.801974755122976
   1.232000000000000  -0.792247979851076
   1.243000000000000  -0.772682680521519
   1.254000000000000  -0.744674925980204
   1.265000000000000  -0.710629719136509
   1.276000000000000  -0.673793216467962
   1.287000000000000  -0.637982203895499
   1.298000000000000  -0.607229888842391
   1.309000000000000  -0.585377447434723
   1.320000000000000  -0.575648912539096
   1.331000000000000  -0.580251838672687
   1.342000000000000  -0.600046943735772
   1.353000000000000  -0.634326200536529
   1.364000000000000  -0.680730690593755
   1.375000000000000  -0.735327487051405
   1.386000000000000  -0.792849916680794
   1.397000000000000  -0.847089161608191
   1.408000000000000  -0.891408952206666
   1.419000000000000  -0.919340811162704
   1.430000000000000  -0.925206568262882
   1.441000000000000  -0.904709015765456
   1.452000000000000  -0.855431495688849
   1.463000000000000  -0.777193201505872
   1.474000000000000  -0.672218692399585
   1.485000000000000  -0.545096578372477
   1.496000000000000  -0.402522006059286
   1.507000000000000  -0.252838520416114
   1.518000000000000  -0.105414954419334
   1.529000000000000   0.030089908743302
   1.540000000000000   0.144509904586178
   1.551000000000000   0.229930263329589
   1.562000000000000   0.280352514489554
   1.573000000000000   0.292203379259080
   1.584000000000000   0.264639715312662
   1.595000000000000   0.199620653674384
   1.606000000000000   0.101740086699734
   1.617000000000000  -0.022164615158805
   1.628000000000000  -0.163590683622389
   1.639000000000000  -0.313080526098462
   1.650000000000000  -0.460998661864544
   1.661000000000000  -0.598303708212466
   1.672000000000000  -0.717245996651455
   1.683000000000000  -0.811930049204401
   1.694000000000000  -0.878695533055446
   1.705000000000000  -0.916288842529206
   1.716000000000000  -0.925818143148453
   1.727000000000000  -0.910505398170614
   1.738000000000000  -0.875267496830940
   1.749000000000000  -0.826173318428201
   1.760000000000000  -0.769833071569333
   1.771000000000000  -0.712779811882877
   1.782000000000000  -0.660900580101586
   1.793000000000000  -0.618966658392317
   1.804000000000000  -0.590300098203912
   1.815000000000000  -0.576598406795721
   1.826000000000000  -0.577922790251586
   1.837000000000000  -0.592839363783057
   1.848000000000000  -0.618688824859383
   1.859000000000000  -0.651949498845850
   1.870000000000000  -0.688652244432610
   1.881000000000000  -0.724803798719457
   1.892000000000000  -0.756777615367052
   1.903000000000000  -0.781637533333173
   1.914000000000000  -0.797368793694449
   1.925000000000000  -0.803001860566361
   1.936000000000000  -0.798625974750741
   1.947000000000000  -0.785300197585063
   1.958000000000000  -0.764878873607019
   1.969000000000000  -0.739775193989701
   1.980000000000000  -0.712690427220267
   1.991000000000000  -0.686337275064903
   2.002000000000000  -0.663183895374398
   2.013000000000000  -0.645240854412479
   2.024000000000000  -0.633907266180863
   2.035000000000000  -0.629885388200529
   2.046000000000000  -0.633165738059676
   2.057000000000000  -0.643078081976440
   2.068000000000000  -0.658398014033973
   2.079000000000000  -0.677494715090247
   2.090000000000000  -0.698503086857437
   2.101000000000000  -0.719502841543870
   2.112000000000000  -0.738688159588345
   2.123000000000000  -0.754513935456237
   2.134000000000000  -0.765808044117537
   2.145000000000000  -0.771843057470594
   2.156000000000000  -0.772364994437891
   2.167000000000000  -0.767580610432254
   2.178000000000000  -0.758108099058622
   2.189000000000000  -0.744898658391670
   2.200000000000000  -0.729138032588293
   2.211000000000000  -0.712137842443144
   2.222000000000000  -0.695226320253812
   2.233000000000000  -0.679647091700141
   2.244000000000000  -0.666473078086432
   2.255000000000000  -0.656540632194605
   2.266000000000000  -0.650406882192224
   2.277000000000000  -0.648331139205563
   2.288000000000000  -0.650279295221928
   2.299000000000000  -0.655948529565025
   2.310000000000000  -0.664808440195626
   2.321000000000000  -0.676153961008399
   2.332000000000000  -0.689165116560309
   2.343000000000000  -0.702968764150742
   2.354000000000000  -0.716697915694617
   2.365000000000000  -0.729544936586805
   2.376000000000000  -0.740805795725379
   2.387000000000000  -0.749913500336484
   2.398000000000000  -0.756459808931756
   2.409000000000000  -0.760205206048862
   2.420000000000000  -0.761077889869143
   2.431000000000000  -0.759163132431100
   2.442000000000000  -0.754684803412387
   2.453000000000000  -0.747981099653577
   2.464000000000000  -0.739476604430578
   2.475000000000000  -0.729652733910562
   2.486000000000000  -0.719018441154987
   2.497000000000000  -0.708082772060080
   2.508000000000000  -0.697330535101487
   2.519000000000000  -0.687201988333643
   2.530000000000000  -0.678077089884281
   2.541000000000000  -0.670264524469954
   2.552000000000000  -0.663995425056623
   2.563000000000000  -0.659421466905719
   2.574000000000000  -0.656616826762138
   2.585000000000000  -0.655583374022359
   2.596000000000000  -0.656258390638453
   2.607000000000000  -0.658524096567530
   2.618000000000000  -0.662218280042562
   2.629000000000000  -0.667145387963787
   2.640000000000000  -0.673087512088981
   2.651000000000000  -0.679814802538516
   2.662000000000000  -0.687094943327767
   2.673000000000000  -0.694701428233453
   2.684000000000000  -0.702420473662718
   2.695000000000000  -0.710056494095614
   2.706000000000000  -0.717436142250588
   2.717000000000000  -0.724410978768383
   2.728000000000000  -0.730858884398178
   2.739000000000000  -0.736684361765033
   2.750000000000000  -0.741817894844185
   2.761000000000000  -0.746214543786450
   2.772000000000000  -0.749851952540461
   2.783000000000000  -0.752727938739386
   2.794000000000000  -0.754857821493033
   2.805000000000000  -0.756271624872155
   2.816000000000000  -0.757011274628252
   2.827000000000000  -0.757127884467205
   2.838000000000000  -0.756679207144244
   2.849000000000000  -0.755727305669812
   2.860000000000000  -0.754336481664800
   2.871000000000000  -0.752571481810019
   2.882000000000000  -0.750495989634799
   2.893000000000000  -0.748171398657729
   2.904000000000000  -0.745655854074270
   2.915000000000000  -0.743003543630378
   2.926000000000000  -0.740264213810265
   2.937000000000000  -0.737482884740637
   2.948000000000000  -0.734699735994185
   2.959000000000000  -0.731950135480708
   2.970000000000000  -0.729264784575202
   2.981000000000000  -0.726669954299483
   2.992000000000000  -0.724187789525491
   3.003000000000000  -0.721836660612737
   3.014000000000000  -0.719631544469661
   3.025000000000000  -0.717584419609894
   3.036000000000000  -0.715704662260186
   3.047000000000000  -0.713999432893665
   3.058000000000000  -0.712474044660554
   3.069000000000000  -0.711132307038491
   3.080000000000000  -0.709976839612991
   3.091000000000000  -0.709009352225655
   3.102000000000000  -0.708230888804093
   3.113000000000000  -0.707642033032374
   3.124000000000000  -0.707243074658756
   3.135000000000000  -0.707034135698003
   3.146000000000000  -0.707015256100643
   3.157000000000000  -0.707186438665404
   3.168000000000000  -0.707547653098925
   3.179000000000000  -0.708098799214809
   3.190000000000000  -0.708839629348404
   3.201000000000000  -0.709769630180781
   3.212000000000000  -0.710887864351286
   3.223000000000000  -0.712192772528280
   3.234000000000000  -0.713681937036657
   3.245000000000000  -0.715351808741028
   3.256000000000000  -0.717197399685025
   3.267000000000000  -0.719211945015854
   3.278000000000000  -0.721386538999309
   3.289000000000000  -0.723709751466557
   3.300000000000000  -0.726167232832635
   3.311000000000000  -0.728741317877467
   3.322000000000000  -0.731410640757070
   3.333000000000000  -0.734149776169772
   3.344000000000000  -0.736928924171679
   3.355000000000000  -0.739713658722916
   3.366000000000000  -0.742464762528683
   3.377000000000000  -0.745138172963118
   3.388000000000000  -0.747685065644170
   3.399000000000000  -0.750052103347943
   3.410000000000000  -0.752181878167371
   3.421000000000000  -0.754013573866021
   3.432000000000000  -0.755483872973817
   3.443000000000000  -0.756528129036664
   3.454000000000000  -0.757081818301547
   3.465000000000000  -0.757082276764494
   3.476000000000000  -0.756470717764226
   3.487000000000000  -0.755194512093339
   3.498000000000000  -0.753209696967610
   3.509000000000000  -0.750483662343849
   3.520000000000000  -0.746997943397348
   3.531000000000000  -0.742751027068673
   3.542000000000000  -0.737761059315500
   3.553000000000000  -0.732068319162425
   3.564000000000000  -0.725737307189316
   3.575000000000000  -0.718858281331957
   3.586000000000000  -0.711548063577212
   3.597000000000000  -0.703949939235147
   3.608000000000000  -0.696232477908497
   3.619000000000000  -0.688587123903348
   3.630000000000000  -0.681224435226698
   3.641000000000000  -0.674368895651536
   3.652000000000000  -0.668252284114278
   3.663000000000000  -0.663105659611257
   3.674000000000000  -0.659150106400750
   3.685000000000000  -0.656586481091833
   3.696000000000000  -0.655584506159828
   3.707000000000000  -0.656271658217365
   3.718000000000000  -0.658722397282107
   3.729000000000000  -0.662948367421285
   3.740000000000000  -0.668890260746146
   3.751000000000000  -0.676412066588698
   3.762000000000000  -0.685298416835882
   3.773000000000000  -0.695255678805498
   3.784000000000000  -0.705917332548006
   3.795000000000000  -0.716853996652986
   3.806000000000000  -0.727588235850894
   3.817000000000000  -0.737613999817606
   3.828000000000000  -0.746420215724178
   3.839000000000000  -0.753517702925856
   3.850000000000000  -0.758468217989540
   3.861000000000000  -0.760914098241469
   3.872000000000000  -0.760606682256240
   3.883000000000000  -0.757431478396889
   3.894000000000000  -0.751427959620942
   3.905000000000000  -0.742801913180649
   3.916000000000000  -0.731928490174809
   3.927000000000000  -0.719344495141077
   3.938000000000000  -0.705729030208005
   3.949000000000000  -0.691872346513837
   3.960000000000000  -0.678633625218058
   3.971000000000000  -0.666889361402238
   3.982000000000000  -0.657474989884078
   3.993000000000000  -0.651123292324613
   4.004000000000000  -0.648403871248200
   4.015000000000000  -0.649668478117000
   4.026000000000000  -0.655007155240906
   4.037000000000000  -0.664219926613749
   4.048000000000000  -0.676808107523872
   4.059000000000000  -0.691988187766719
   4.069999999999999  -0.708729710234602
   4.081000000000000  -0.725816692367467
   4.092000000000000  -0.741930044444036
   4.103000000000000  -0.755746288765178
   4.114000000000000  -0.766045871469292
   4.125000000000000  -0.771822694844425
   4.136000000000000  -0.772385391424610
   4.146999999999999  -0.767440497038955
   4.157999999999999  -0.757148196908525
   4.169000000000000  -0.742142787191815
   4.180000000000000  -0.723512398272367
   4.191000000000000  -0.702735752208289
   4.202000000000000  -0.681577561562879
   4.213000000000000  -0.661948314412783
   4.224000000000000  -0.645738251646966
   4.234999999999999  -0.634638905664303
   4.246000000000000  -0.629968208484428
   4.257000000000000  -0.632516508068717
   4.268000000000000  -0.642430559258081
   4.279000000000000  -0.659150518044731
   4.290000000000000  -0.681411170766547
   4.301000000000000  -0.707313267999086
   4.311999999999999  -0.734464292439194
   4.323000000000000  -0.760180829263223
   4.334000000000000  -0.781737616085442
   4.345000000000000  -0.796642088092570
   4.356000000000000  -0.802908556818466
   4.367000000000000  -0.799303732566831
   4.378000000000000  -0.785535610330553
   4.388999999999999  -0.762361028566770
   4.399999999999999  -0.731593419119782
   4.411000000000000  -0.696001008623182
   4.422000000000000  -0.659096304949335
   4.433000000000000  -0.624829137075802
   4.444000000000000  -0.597206659190260
   4.455000000000000  -0.579873354470102
   4.465999999999999  -0.575691015154013
   4.476999999999999  -0.586361963992022
   4.488000000000000  -0.612137770639121
   4.499000000000000  -0.651650178889929
   4.510000000000000  -0.701891150392393
   4.521000000000000  -0.758355588723166
   4.532000000000000  -0.815344615288760
   4.543000000000000  -0.866410744066177
   4.553999999999999  -0.904910654265575
   4.565000000000000  -0.924618207587341
   4.576000000000000  -0.920341437406757
   4.587000000000000  -0.888483624608391
   4.598000000000000  -0.827490927772734
   4.609000000000000  -0.738137398228484
   4.620000000000000  -0.623611978378176
   4.630999999999999  -0.489390039273037
   4.641999999999999  -0.342892444362110
   4.653000000000000  -0.192955984821379
   4.664000000000000  -0.049158157617951
   4.675000000000000   0.078945388895258
   4.686000000000000   0.182602525463659
   4.697000000000000   0.254593928108526
   4.707999999999999   0.289842266664080
   4.718999999999999   0.285844158519675
   4.730000000000000   0.242884108369411
   4.741000000000000   0.164010163756328
   4.752000000000000   0.054773595296811
   4.763000000000000  -0.077242746441895
   4.774000000000000  -0.223062918788653
   4.785000000000000  -0.373063437488108
   4.795999999999999  -0.517756844349383
   4.806999999999999  -0.648541889406103
   4.818000000000000  -0.758353604537561
   4.829000000000000  -0.842157652786549
   4.840000000000000  -0.897249603842079
   4.851000000000000  -0.923339433641853
   4.862000000000000  -0.922422491951686
   4.872999999999999  -0.898458270254435
   4.883999999999999  -0.856895537813111
   4.895000000000000  -0.804095169216136
   4.906000000000000  -0.746709163383671
   4.917000000000000  -0.691075477560029
   4.928000000000000  -0.642683543672713
   4.939000000000000  -0.605755471401799
   4.949999999999999  -0.582974233027824
   4.960999999999999  -0.575374159153468
   4.972000000000000  -0.582392583988026
   4.983000000000000  -0.602066147927891
   4.994000000000000  -0.631342554663322
   5.005000000000000  -0.666469588540207
   5.016000000000000  -0.703418570051692
   5.027000000000000  -0.738299317400403
   5.037999999999999  -0.767727772624613
   5.048999999999999  -0.789115020430042
   5.060000000000000  -0.800856456966085
   5.071000000000000  -0.802411165580568
   5.082000000000000  -0.794272905877689
   5.093000000000000  -0.777844396234461
   5.104000000000000  -0.755234847110421
   5.114999999999999  -0.729006342207513
   5.125999999999999  -0.701897346697243
   5.137000000000000  -0.676551350022825
   5.148000000000000  -0.655275721822039
   5.159000000000000  -0.639850804633583
   5.170000000000000  -0.631402775668396
   5.181000000000000  -0.630346644508539
   5.191999999999999  -0.636398665977163
   5.202999999999999  -0.648651105145157
   5.214000000000000  -0.665697220628666
   5.225000000000000  -0.685790881182999
   5.236000000000000  -0.707023554866885
   5.247000000000000  -0.727501479449454
   5.258000000000000  -0.745507445090061
   5.269000000000000  -0.759634478886238
   5.279999999999999  -0.768882419370978
   5.290999999999999  -0.772712478909892
   5.302000000000000  -0.771058996922670
   5.313000000000000  -0.764301320577132
   5.324000000000000  -0.753201823656274
   5.335000000000000  -0.738818295084278
   5.346000000000000  -0.722400202998056
   5.356999999999999  -0.705278671038274
   5.367999999999999  -0.688759476431764
   5.379000000000000  -0.674027144263552
   5.390000000000000  -0.662066460877564
   5.401000000000000  -0.653605672536537
   5.412000000000000  -0.649083482131958
   5.423000000000000  -0.648639895602625
   5.433999999999999  -0.652129155952688
   5.444999999999999  -0.659151549447055
   5.456000000000000  -0.669099843243610
   5.467000000000000  -0.681215539429609
   5.478000000000000  -0.694649990434898
   5.489000000000000  -0.708525666032860
   5.500000000000000  -0.721993420217762
   5.511000000000000  -0.734282390973249
   5.521999999999999  -0.744740086469470
   5.532999999999999  -0.752861180052937
   5.544000000000000  -0.758304475795640
   5.555000000000000  -0.760898352910971
   5.566000000000000  -0.760635704474564
   5.577000000000000  -0.757659924737479
   5.588000000000000  -0.752243857940044
   5.598999999999999  -0.744763802942748
   5.609999999999999  -0.735670687381672
   5.621000000000000  -0.725460406575705
   5.632000000000000  -0.714645095824109
   5.643000000000000  -0.703726802263582
   5.654000000000000  -0.693174676039359
   5.665000000000000  -0.683406439606399
   5.675999999999999  -0.674774543802245
   5.686999999999999  -0.667557100067930
   5.698000000000000  -0.661953404396661
   5.709000000000000  -0.658083649279120
   5.720000000000000  -0.655992258994070
   5.731000000000000  -0.655654180561871
   5.742000000000000  -0.656983413502775
   5.752999999999999  -0.659843059598880
   5.763999999999999  -0.664056210869074
   5.774999999999999  -0.669417060848790
   5.786000000000000  -0.675701711872165
   5.797000000000000  -0.682678250754996
   5.808000000000000  -0.690115769396870
   5.819000000000000  -0.697792108916259
   5.830000000000000  -0.705500200933563
   5.840999999999999  -0.713052963851782
   5.851999999999999  -0.720286783109192
   5.863000000000000  -0.727063661240090
   5.874000000000000  -0.733272166034877
   5.885000000000000  -0.738827333801230
   5.896000000000000  -0.743669700952946
   5.907000000000000  -0.747763642550557
   5.917999999999999  -0.751095192867287
   5.928999999999999  -0.753669512504822
   5.940000000000000  -0.755508150933234
   5.951000000000000  -0.756646234333413
   5.962000000000000  -0.757129687828423
   5.973000000000000  -0.757012579910741
   5.984000000000000  -0.756354656157593
   5.994999999999999  -0.755219109975127
   6.005999999999999  -0.753670620685421
   6.016999999999999  -0.751773674117183
   6.028000000000000  -0.749591168149006
   6.039000000000000  -0.747183295401806
   6.050000000000000  -0.744606687387898
   6.061000000000000  -0.741913798716825
   6.072000000000000  -0.739152506194995
   6.082999999999999  -0.736365895567837
   6.093999999999999  -0.733592207957902
   6.105000000000000  -0.730864918472113
   6.116000000000000  -0.728212920723801
   6.127000000000000  -0.725660792901457
   6.138000000000000  -0.723229123306218
   6.149000000000000  -0.720934875795148
   6.159999999999999  -0.718791778160013
   6.170999999999999  -0.716810719024672
   6.181999999999999  -0.715000141269662
   6.193000000000000  -0.713366422226777
   6.204000000000000  -0.711914232887908
   6.215000000000000  -0.710646870118363
   6.226000000000000  -0.709566557347920
   6.236999999999999  -0.708674710437663
   6.247999999999999  -0.707972166401598
   6.258999999999999  -0.707459373420732
   6.270000000000000  -0.707136541150467
   6.281000000000000  -0.707003750720423
