   1.2589e+00   7.5899e-10
   1.5849e+00   9.5551e-10
   1.9953e+00   1.2029e-09
   2.5119e+00   1.5144e-09
   3.1623e+00   1.9065e-09
   3.9811e+00   2.4001e-09
   5.0119e+00   3.0216e-09
   6.3096e+00   3.8040e-09
   7.9433e+00   4.7889e-09
   1.0000e+01   6.0289e-09
   1.2589e+01   7.5899e-09
   1.5849e+01   9.5551e-09
   1.9953e+01   1.2029e-08
   2.5119e+01   1.5144e-08
   3.1623e+01   1.9065e-08
   3.9811e+01   2.4001e-08
   5.0119e+01   3.0216e-08
   6.3096e+01   3.8040e-08
   7.9433e+01   4.7889e-08
   1.0000e+02   6.0289e-08
   1.2589e+02   7.5899e-08
   1.5849e+02   9.5551e-08
   1.9953e+02   1.2029e-07
   2.5119e+02   1.5144e-07
   3.1623e+02   1.9065e-07
   3.9811e+02   2.4001e-07
   5.0119e+02   3.0216e-07
   6.3096e+02   3.8040e-07
   7.9433e+02   4.7889e-07
   1.0000e+03   6.0289e-07
   1.2589e+03   7.5899e-07
   1.5849e+03   9.5551e-07
   1.9953e+03   1.2029e-06
   2.5119e+03   1.5144e-06
   3.1623e+03   1.9065e-06
   3.9811e+03   2.4001e-06
   5.0119e+03   3.0216e-06
   6.3096e+03   3.8040e-06
   7.9433e+03   4.7889e-06
   1.0000e+04   6.0289e-06
   1.2589e+04   7.5899e-06
   1.5849e+04   9.5551e-06
   1.9953e+04   1.2029e-05
   2.5119e+04   1.5144e-05
   3.1623e+04   1.9065e-05
   3.9811e+04   2.4001e-05
   5.0119e+04   3.0216e-05
   6.3096e+04   3.8040e-05
   7.9433e+04   4.7889e-05
   1.0000e+05   6.0289e-05
   1.2589e+05   7.5899e-05
   1.5849e+05   9.5551e-05
   1.9953e+05   1.2029e-04
   2.5119e+05   1.5144e-04
   3.1623e+05   1.9065e-04
   3.9811e+05   2.4001e-04
   5.0119e+05   3.0216e-04
   6.3096e+05   3.8040e-04
   7.9433e+05   4.7889e-04
   1.0000e+06   6.0289e-04
   1.2589e+06   7.5899e-04
   1.5849e+06   9.5551e-04
   1.9953e+06   1.2029e-03
   2.5119e+06   1.5144e-03
   3.1623e+06   1.9065e-03
   3.9811e+06   2.4001e-03
   5.0119e+06   3.0216e-03
   6.3096e+06   3.8040e-03
   7.9433e+06   4.7889e-03
   1.0000e+07   6.0289e-03
   1.2589e+07   7.5899e-03
   1.5849e+07   9.5551e-03
   1.9953e+07   1.2029e-02
   2.5119e+07   1.5144e-02
   3.1623e+07   1.9065e-02
   3.9811e+07   2.4001e-02
   5.0119e+07   3.0216e-02
   6.3096e+07   3.8039e-02
   7.9433e+07   4.7889e-02
   1.0000e+08   6.0289e-02
   1.2589e+08   7.5899e-02
   1.5849e+08   9.5551e-02
   1.9953e+08   1.2029e-01
   2.5119e+08   1.5144e-01
   3.1623e+08   1.9065e-01
   3.9811e+08   2.4001e-01
   5.0119e+08   3.0215e-01
   6.3096e+08   3.8038e-01
   7.9433e+08   4.7887e-01
   1.0000e+09   6.0284e-01
   1.2589e+09   7.5891e-01
   1.5849e+09   9.5535e-01
   1.9953e+09   1.2026e+00
   2.5119e+09   1.5137e+00
   3.1623e+09   1.9052e+00
   3.9811e+09   2.3976e+00
   5.0119e+09   3.0164e+00
   6.3096e+09   3.7937e+00
   7.9433e+09   4.7685e+00
   1.0000e+10   5.9882e+00
   1.2589e+10   7.5092e+00
   1.5849e+10   9.3950e+00
   1.9953e+10   1.1713e+01
   2.5119e+10   1.4522e+01
   3.1623e+10   1.7854e+01
   3.9811e+10   2.1673e+01
   5.0119e+10   2.5821e+01
   6.3096e+10   2.9962e+01
   7.9433e+10   3.3562e+01
   1.0000e+11   3.5980e+01
   1.2589e+11   3.6696e+01
   1.5849e+11   3.5556e+01
   1.9953e+11   3.2867e+01
   2.5119e+11   2.9226e+01
   3.1623e+11   2.5256e+01
   3.9811e+11   2.1423e+01
   5.0119e+11   1.7981e+01
   6.3096e+11   1.5015e+01
   7.9433e+11   1.2503e+01
   1.0000e+12   1.0379e+01
   1.2589e+12   8.5728e+00
   1.5849e+12   7.0329e+00
   1.9953e+12   5.7271e+00
   2.5119e+12   4.6322e+00
   3.1623e+12   3.7261e+00
   3.9811e+12   2.9849e+00
   5.0119e+12   2.3842e+00
   6.3096e+12   1.9007e+00
   7.9433e+12   1.5133e+00
   1.0000e+13   1.2038e+00
