   0.00000   0.00000
  -0.00100   0.01005
  -0.00200   0.02010
  -0.00300   0.03015
  -0.00400   0.04019
  -0.00500   0.05023
  -0.00600   0.06026
  -0.00700   0.07029
  -0.00800   0.08031
  -0.00900   0.09033
  -0.01000   0.10033
  -0.01100   0.11033
  -0.01200   0.12031
  -0.01300   0.13028
  -0.01400   0.14024
  -0.01500   0.15019
  -0.01600   0.16012
  -0.01700   0.17003
  -0.01800   0.17993
  -0.01900   0.18981
  -0.02000   0.19967
  -0.02100   0.20952
  -0.02200   0.21934
  -0.02300   0.22913
  -0.02400   0.23891
  -0.02500   0.24866
  -0.02600   0.25839
  -0.02700   0.26809
  -0.02800   0.27777
  -0.02900   0.28742
  -0.03000   0.29704
  -0.03100   0.30663
  -0.03200   0.31619
  -0.03300   0.32572
  -0.03400   0.33522
  -0.03500   0.34468
  -0.03600   0.35411
  -0.03700   0.36350
  -0.03800   0.37286
  -0.03900   0.38218
  -0.04000   0.39147
  -0.04100   0.40071
  -0.04200   0.40992
  -0.04300   0.41908
  -0.04400   0.42821
  -0.04500   0.43729
  -0.04600   0.44633
  -0.04700   0.45532
  -0.04800   0.46427
  -0.04900   0.47317
  -0.05000   0.48203
  -0.05100   0.49084
  -0.05200   0.49960
  -0.05300   0.50831
  -0.05400   0.51697
  -0.05500   0.52558
  -0.05600   0.53413
  -0.05700   0.54264
  -0.05800   0.55109
  -0.05900   0.55948
  -0.06000   0.56783
  -0.06100   0.57611
  -0.06200   0.58434
  -0.06300   0.59251
  -0.06400   0.60062
  -0.06500   0.60867
  -0.06600   0.61666
  -0.06700   0.62460
  -0.06800   0.63246
  -0.06900   0.64027
  -0.07000   0.64802
  -0.07100   0.65570
  -0.07200   0.66331
  -0.07300   0.67086
  -0.07400   0.67834
  -0.07500   0.68576
  -0.07600   0.69311
  -0.07700   0.70039
  -0.07800   0.70760
  -0.07900   0.71474
  -0.08000   0.72181
  -0.08100   0.72881
  -0.08200   0.73574
  -0.08300   0.74260
  -0.08400   0.74938
  -0.08500   0.75609
  -0.08600   0.76272
  -0.08700   0.76928
  -0.08800   0.77576
  -0.08900   0.78217
  -0.09000   0.78849
  -0.09100   0.79475
  -0.09200   0.80092
  -0.09300   0.80701
  -0.09400   0.81303
  -0.09500   0.81896
  -0.09600   0.82481
  -0.09700   0.83059
  -0.09800   0.83628
  -0.09900   0.84189
  -0.10000   0.84741
  -0.10100   0.85285
  -0.10200   0.85821
  -0.10300   0.86349
  -0.10400   0.86867
  -0.10500   0.87378
  -0.10600   0.87880
  -0.10700   0.88373
  -0.10800   0.88857
  -0.10900   0.89333
  -0.11000   0.89800
  -0.11100   0.90258
  -0.11200   0.90707
  -0.11300   0.91147
  -0.11400   0.91579
  -0.11500   0.92001
  -0.11600   0.92415
  -0.11700   0.92819
  -0.11800   0.93214
  -0.11900   0.93600
  -0.12000   0.93977
  -0.12100   0.94345
  -0.12200   0.94703
  -0.12300   0.95052
  -0.12400   0.95392
  -0.12500   0.95722
  -0.12600   0.96044
  -0.12700   0.96355
  -0.12800   0.96658
  -0.12900   0.96950
  -0.13000   0.97234
  -0.13100   0.97508
  -0.13200   0.97772
  -0.13300   0.98027
  -0.13400   0.98272
  -0.13500   0.98507
  -0.13600   0.98733
  -0.13700   0.98950
  -0.13800   0.99157
  -0.13900   0.99354
  -0.14000   0.99541
  -0.14100   0.99719
  -0.14200   0.99887
  -0.14300   1.00045
  -0.14400   1.00193
  -0.14500   1.00332
  -0.14600   1.00461
  -0.14700   1.00580
  -0.14800   1.00690
  -0.14900   1.00789
  -0.15000   1.00879
  -0.15100   1.00960
  -0.15200   1.01030
  -0.15300   1.01090
  -0.15400   1.01141
  -0.15500   1.01182
  -0.15600   1.01214
  -0.15700   1.01235
  -0.15800   1.01247
  -0.15900   1.01249
  -0.16000   1.01241
  -0.16100   1.01223
  -0.16200   1.01196
  -0.16300   1.01158
  -0.16400   1.01112
  -0.16500   1.01055
  -0.16600   1.00989
  -0.16700   1.00913
  -0.16800   1.00827
  -0.16900   1.00732
  -0.17000   1.00627
  -0.17100   1.00512
  -0.17200   1.00388
  -0.17300   1.00254
  -0.17400   1.00111
  -0.17500   0.99958
  -0.17600   0.99796
  -0.17700   0.99624
  -0.17800   0.99443
  -0.17900   0.99252
  -0.18000   0.99052
  -0.18100   0.98843
  -0.18200   0.98624
  -0.18300   0.98396
  -0.18400   0.98158
  -0.18500   0.97912
  -0.18600   0.97656
  -0.18700   0.97391
  -0.18800   0.97117
  -0.18900   0.96833
  -0.19000   0.96541
  -0.19100   0.96240
  -0.19200   0.95930
  -0.19300   0.95611
  -0.19400   0.95283
  -0.19500   0.94946
  -0.19600   0.94601
  -0.19700   0.94246
  -0.19800   0.93884
  -0.19900   0.93512
  -0.20000   0.93132
  -0.20100   0.92744
  -0.20200   0.92347
  -0.20300   0.91941
  -0.20400   0.91528
  -0.20500   0.91106
  -0.20600   0.90676
  -0.20700   0.90238
  -0.20800   0.89792
  -0.20900   0.89337
  -0.21000   0.88875
  -0.21100   0.88405
  -0.21200   0.87928
  -0.21300   0.87442
  -0.21400   0.86949
  -0.21500   0.86449
  -0.21600   0.85941
  -0.21700   0.85426
  -0.21800   0.84903
  -0.21900   0.84373
  -0.22000   0.83836
  -0.22100   0.83292
  -0.22200   0.82741
  -0.22300   0.82184
  -0.22400   0.81619
  -0.22500   0.81048
  -0.22600   0.80471
  -0.22700   0.79887
  -0.22800   0.79296
  -0.22900   0.78700
  -0.23000   0.78097
  -0.23100   0.77488
  -0.23200   0.76874
  -0.23300   0.76254
  -0.23400   0.75628
  -0.23500   0.74996
  -0.23600   0.74359
  -0.23700   0.73717
  -0.23800   0.73070
  -0.23900   0.72418
  -0.24000   0.71761
  -0.24100   0.71099
  -0.24200   0.70433
  -0.24300   0.69763
  -0.24400   0.69088
  -0.24500   0.68409
  -0.24600   0.67726
  -0.24700   0.67040
  -0.24800   0.66350
  -0.24900   0.65657
  -0.25000   0.64960
  -0.25100   0.64261
  -0.25200   0.63559
  -0.25300   0.62854
  -0.25400   0.62147
  -0.25500   0.61438
  -0.25600   0.60727
  -0.25700   0.60014
  -0.25800   0.59300
  -0.25900   0.58585
  -0.26000   0.57869
  -0.26100   0.57152
  -0.26200   0.56435
  -0.26300   0.55718
  -0.26400   0.55002
  -0.26500   0.54286
  -0.26600   0.53571
  -0.26700   0.52858
  -0.26800   0.52146
  -0.26900   0.51436
  -0.27000   0.50729
  -0.27100   0.50025
  -0.27200   0.49324
  -0.27300   0.48627
  -0.27400   0.47934
  -0.27500   0.47246
  -0.27600   0.46563
  -0.27700   0.45886
  -0.27800   0.45216
  -0.27900   0.44552
  -0.28000   0.43896
  -0.28100   0.43249
  -0.28200   0.42610
  -0.28300   0.41981
  -0.28400   0.41362
  -0.28500   0.40754
  -0.28600   0.40159
  -0.28700   0.39576
  -0.28800   0.39006
  -0.28900   0.38451
  -0.29000   0.37911
  -0.29100   0.37387
  -0.29200   0.36881
  -0.29300   0.36392
  -0.29400   0.35923
  -0.29500   0.35474
  -0.29600   0.35046
  -0.29700   0.34639
  -0.29800   0.34256
  -0.29900   0.33897
  -0.30000   0.33563
  -0.30100   0.33255
  -0.30200   0.32973
  -0.30300   0.32719
  -0.30400   0.32494
  -0.30500   0.32297
  -0.30600   0.32131
  -0.30700   0.31994
  -0.30800   0.31889
  -0.30900   0.31815
  -0.31000   0.31772
  -0.31100   0.31761
  -0.31200   0.31782
  -0.31300   0.31835
  -0.31400   0.31919
  -0.31500   0.32035
  -0.31600   0.32181
  -0.31700   0.32358
  -0.31800   0.32566
  -0.31900   0.32803
  -0.32000   0.33068
  -0.32100   0.33362
  -0.32200   0.33683
  -0.32300   0.34030
  -0.32400   0.34403
  -0.32500   0.34800
  -0.32600   0.35221
  -0.32700   0.35664
  -0.32800   0.36129
  -0.32900   0.36615
  -0.33000   0.37121
  -0.33100   0.37645
  -0.33200   0.38187
  -0.33300   0.38746
  -0.33400   0.39322
  -0.33500   0.39912
  -0.33600   0.40516
  -0.33700   0.41134
  -0.33800   0.41765
  -0.33900   0.42407
  -0.34000   0.43061
  -0.34100   0.43725
  -0.34200   0.44399
  -0.34300   0.45081
  -0.34400   0.45773
  -0.34500   0.46472
  -0.34600   0.47178
  -0.34700   0.47890
  -0.34800   0.48609
  -0.34900   0.49334
  -0.35000   0.50063
  -0.35100   0.50797
  -0.35200   0.51536
  -0.35300   0.52278
  -0.35400   0.53023
  -0.35500   0.53771
  -0.35600   0.54522
  -0.35700   0.55275
  -0.35800   0.56030
  -0.35900   0.56786
  -0.36000   0.57543
  -0.36100   0.58301
  -0.36200   0.59060
  -0.36300   0.59819
  -0.36400   0.60577
  -0.36500   0.61336
  -0.36600   0.62094
  -0.36700   0.62851
  -0.36800   0.63607
  -0.36900   0.64361
  -0.37000   0.65114
  -0.37100   0.65866
  -0.37200   0.66615
  -0.37300   0.67362
  -0.37400   0.68107
  -0.37500   0.68849
  -0.37600   0.69589
  -0.37700   0.70325
  -0.37800   0.71059
  -0.37900   0.71789
  -0.38000   0.72516
  -0.38100   0.73239
  -0.38200   0.73958
  -0.38300   0.74674
  -0.38400   0.75385
  -0.38500   0.76093
  -0.38600   0.76795
  -0.38700   0.77494
  -0.38800   0.78188
  -0.38900   0.78877
  -0.39000   0.79561
  -0.39100   0.80240
  -0.39200   0.80914
  -0.39300   0.81583
  -0.39400   0.82246
  -0.39500   0.82904
  -0.39600   0.83557
  -0.39700   0.84203
  -0.39800   0.84844
  -0.39900   0.85479
  -0.40000   0.86109
  -0.40100   0.86731
  -0.40200   0.87348
  -0.40300   0.87959
  -0.40400   0.88563
  -0.40500   0.89161
  -0.40600   0.89752
  -0.40700   0.90336
  -0.40800   0.90914
  -0.40900   0.91485
  -0.41000   0.92049
  -0.41100   0.92607
  -0.41200   0.93157
  -0.41300   0.93700
  -0.41400   0.94236
  -0.41500   0.94764
  -0.41600   0.95286
  -0.41700   0.95800
  -0.41800   0.96306
  -0.41900   0.96805
  -0.42000   0.97297
  -0.42100   0.97780
  -0.42200   0.98256
  -0.42300   0.98725
  -0.42400   0.99185
  -0.42500   0.99638
  -0.42600   1.00083
  -0.42700   1.00519
  -0.42800   1.00948
  -0.42900   1.01369
  -0.43000   1.01781
  -0.43100   1.02186
  -0.43200   1.02582
  -0.43300   1.02969
  -0.43400   1.03349
  -0.43500   1.03720
  -0.43600   1.04083
  -0.43700   1.04437
  -0.43800   1.04783
  -0.43900   1.05121
  -0.44000   1.05450
  -0.44100   1.05770
  -0.44200   1.06082
  -0.44300   1.06385
  -0.44400   1.06680
  -0.44500   1.06966
  -0.44600   1.07243
  -0.44700   1.07511
  -0.44800   1.07771
  -0.44900   1.08022
  -0.45000   1.08264
  -0.45100   1.08497
  -0.45200   1.08722
  -0.45300   1.08937
  -0.45400   1.09144
  -0.45500   1.09342
  -0.45600   1.09531
  -0.45700   1.09711
  -0.45800   1.09883
  -0.45900   1.10045
  -0.46000   1.10199
  -0.46100   1.10343
  -0.46200   1.10479
  -0.46300   1.10606
  -0.46400   1.10723
  -0.46500   1.10832
  -0.46600   1.10932
  -0.46700   1.11023
  -0.46800   1.11105
  -0.46900   1.11179
  -0.47000   1.11243
  -0.47100   1.11298
  -0.47200   1.11345
  -0.47300   1.11383
  -0.47400   1.11412
  -0.47500   1.11432
  -0.47600   1.11443
  -0.47700   1.11445
  -0.47800   1.11439
  -0.47900   1.11424
  -0.48000   1.11400
  -0.48100   1.11367
  -0.48200   1.11326
  -0.48300   1.11276
  -0.48400   1.11217
  -0.48500   1.11150
  -0.48600   1.11075
  -0.48700   1.10990
  -0.48800   1.10898
  -0.48900   1.10796
  -0.49000   1.10687
  -0.49100   1.10569
  -0.49200   1.10442
  -0.49300   1.10308
  -0.49400   1.10165
  -0.49500   1.10014
  -0.49600   1.09854
  -0.49700   1.09687
  -0.49800   1.09511
  -0.49900   1.09328
  -0.50000   1.09136
  -0.50100   1.08937
  -0.50200   1.08730
  -0.50300   1.08515
  -0.50400   1.08292
  -0.50500   1.08062
  -0.50600   1.07824
  -0.50700   1.07579
  -0.50800   1.07326
  -0.50900   1.07066
  -0.51000   1.06798
  -0.51100   1.06523
  -0.51200   1.06241
  -0.51300   1.05952
  -0.51400   1.05656
  -0.51500   1.05353
  -0.51600   1.05044
  -0.51700   1.04727
  -0.51800   1.04404
  -0.51900   1.04074
  -0.52000   1.03738
  -0.52100   1.03396
  -0.52200   1.03047
  -0.52300   1.02692
  -0.52400   1.02331
  -0.52500   1.01964
  -0.52600   1.01591
  -0.52700   1.01213
  -0.52800   1.00829
  -0.52900   1.00439
  -0.53000   1.00044
  -0.53100   0.99643
  -0.53200   0.99238
  -0.53300   0.98827
  -0.53400   0.98412
  -0.53500   0.97992
  -0.53600   0.97567
  -0.53700   0.97138
  -0.53800   0.96704
  -0.53900   0.96266
  -0.54000   0.95825
  -0.54100   0.95379
  -0.54200   0.94929
  -0.54300   0.94476
  -0.54400   0.94019
  -0.54500   0.93559
  -0.54600   0.93096
  -0.54700   0.92630
  -0.54800   0.92162
  -0.54900   0.91690
  -0.55000   0.91217
  -0.55100   0.90741
  -0.55200   0.90262
  -0.55300   0.89783
  -0.55400   0.89301
  -0.55500   0.88818
  -0.55600   0.88334
  -0.55700   0.87848
  -0.55800   0.87362
  -0.55900   0.86875
  -0.56000   0.86388
  -0.56100   0.85900
  -0.56200   0.85412
  -0.56300   0.84925
  -0.56400   0.84438
  -0.56500   0.83952
  -0.56600   0.83467
  -0.56700   0.82983
  -0.56800   0.82501
  -0.56900   0.82020
  -0.57000   0.81541
  -0.57100   0.81065
  -0.57200   0.80591
  -0.57300   0.80120
  -0.57400   0.79652
  -0.57500   0.79187
  -0.57600   0.78726
  -0.57700   0.78268
  -0.57800   0.77815
  -0.57900   0.77367
  -0.58000   0.76923
  -0.58100   0.76484
  -0.58200   0.76051
  -0.58300   0.75623
  -0.58400   0.75201
  -0.58500   0.74786
  -0.58600   0.74377
  -0.58700   0.73975
  -0.58800   0.73581
  -0.58900   0.73194
  -0.59000   0.72815
  -0.59100   0.72444
  -0.59200   0.72081
  -0.59300   0.71728
  -0.59400   0.71383
  -0.59500   0.71049
  -0.59600   0.70723
  -0.59700   0.70408
  -0.59800   0.70104
  -0.59900   0.69810
  -0.60000   0.69527
  -0.60100   0.69255
  -0.60200   0.68995
  -0.60300   0.68747
  -0.60400   0.68511
  -0.60500   0.68287
  -0.60600   0.68076
  -0.60700   0.67878
  -0.60800   0.67693
  -0.60900   0.67522
  -0.61000   0.67364
  -0.61100   0.67220
  -0.61200   0.67089
  -0.61300   0.66973
  -0.61400   0.66872
  -0.61500   0.66784
  -0.61600   0.66712
  -0.61700   0.66654
  -0.61800   0.66611
  -0.61900   0.66583
  -0.62000   0.66570
  -0.62100   0.66572
  -0.62200   0.66589
  -0.62300   0.66621
  -0.62400   0.66669
  -0.62500   0.66732
  -0.62600   0.66810
  -0.62700   0.66903
  -0.62800   0.67011
  -0.62900   0.67134
  -0.63000   0.67272
  -0.63100   0.67425
  -0.63200   0.67592
  -0.63300   0.67775
  -0.63400   0.67971
  -0.63500   0.68182
  -0.63600   0.68407
  -0.63700   0.68646
  -0.63800   0.68899
  -0.63900   0.69165
  -0.64000   0.69444
  -0.64100   0.69737
  -0.64200   0.70043
  -0.64300   0.70361
  -0.64400   0.70691
  -0.64500   0.71034
  -0.64600   0.71389
  -0.64700   0.71755
  -0.64800   0.72132
  -0.64900   0.72521
  -0.65000   0.72920
  -0.65100   0.73330
  -0.65200   0.73750
  -0.65300   0.74180
  -0.65400   0.74619
  -0.65500   0.75068
  -0.65600   0.75525
  -0.65700   0.75992
  -0.65800   0.76467
  -0.65900   0.76949
  -0.66000   0.77440
  -0.66100   0.77938
  -0.66200   0.78444
  -0.66300   0.78956
  -0.66400   0.79475
  -0.66500   0.80000
  -0.66600   0.80532
  -0.66700   0.81069
  -0.66800   0.81611
  -0.66900   0.82159
  -0.67000   0.82712
  -0.67100   0.83269
  -0.67200   0.83831
  -0.67300   0.84397
  -0.67400   0.84967
  -0.67500   0.85540
  -0.67600   0.86116
  -0.67700   0.86696
  -0.67800   0.87279
  -0.67900   0.87864
  -0.68000   0.88451
  -0.68100   0.89041
  -0.68200   0.89632
  -0.68300   0.90225
  -0.68400   0.90820
  -0.68500   0.91415
  -0.68600   0.92012
  -0.68700   0.92609
  -0.68800   0.93207
  -0.68900   0.93806
  -0.69000   0.94404
  -0.69100   0.95002
  -0.69200   0.95601
  -0.69300   0.96198
  -0.69400   0.96795
  -0.69500   0.97391
  -0.69600   0.97986
  -0.69700   0.98580
  -0.69800   0.99173
  -0.69900   0.99764
  -0.70000   1.00353
  -0.70100   1.00941
  -0.70200   1.01526
  -0.70300   1.02110
  -0.70400   1.02690
  -0.70500   1.03269
  -0.70600   1.03845
  -0.70700   1.04418
  -0.70800   1.04987
  -0.70900   1.05554
  -0.71000   1.06118
  -0.71100   1.06678
  -0.71200   1.07235
  -0.71300   1.07788
  -0.71400   1.08338
  -0.71500   1.08883
  -0.71600   1.09425
  -0.71700   1.09962
  -0.71800   1.10496
  -0.71900   1.11024
  -0.72000   1.11549
  -0.72100   1.12069
  -0.72200   1.12584
  -0.72300   1.13094
  -0.72400   1.13600
  -0.72500   1.14100
  -0.72600   1.14595
  -0.72700   1.15086
  -0.72800   1.15571
  -0.72900   1.16050
  -0.73000   1.16524
  -0.73100   1.16993
  -0.73200   1.17456
  -0.73300   1.17913
  -0.73400   1.18364
  -0.73500   1.18810
  -0.73600   1.19250
  -0.73700   1.19683
  -0.73800   1.20111
  -0.73900   1.20532
  -0.74000   1.20947
  -0.74100   1.21356
  -0.74200   1.21758
  -0.74300   1.22154
  -0.74400   1.22544
  -0.74500   1.22927
  -0.74600   1.23303
  -0.74700   1.23673
  -0.74800   1.24036
  -0.74900   1.24392
  -0.75000   1.24742
  -0.75100   1.25084
  -0.75200   1.25420
  -0.75300   1.25749
  -0.75400   1.26070
  -0.75500   1.26385
  -0.75600   1.26693
  -0.75700   1.26993
  -0.75800   1.27286
  -0.75900   1.27573
  -0.76000   1.27852
  -0.76100   1.28123
  -0.76200   1.28388
  -0.76300   1.28645
  -0.76400   1.28895
  -0.76500   1.29137
  -0.76600   1.29372
  -0.76700   1.29600
  -0.76800   1.29821
  -0.76900   1.30033
  -0.77000   1.30239
  -0.77100   1.30437
  -0.77200   1.30628
  -0.77300   1.30811
  -0.77400   1.30987
  -0.77500   1.31155
  -0.77600   1.31315
  -0.77700   1.31469
  -0.77800   1.31614
  -0.77900   1.31753
  -0.78000   1.31884
  -0.78100   1.32007
  -0.78200   1.32123
  -0.78300   1.32231
  -0.78400   1.32332
  -0.78500   1.32426
  -0.78600   1.32512
  -0.78700   1.32591
  -0.78800   1.32662
  -0.78900   1.32726
  -0.79000   1.32782
  -0.79100   1.32832
  -0.79200   1.32874
  -0.79300   1.32908
  -0.79400   1.32936
  -0.79500   1.32956
  -0.79600   1.32969
  -0.79700   1.32975
  -0.79800   1.32973
  -0.79900   1.32965
  -0.80000   1.32950
  -0.80100   1.32927
  -0.80200   1.32898
  -0.80300   1.32862
  -0.80400   1.32818
  -0.80500   1.32768
  -0.80600   1.32711
  -0.80700   1.32648
  -0.80800   1.32578
  -0.80900   1.32501
  -0.81000   1.32417
  -0.81100   1.32327
  -0.81200   1.32231
  -0.81300   1.32128
  -0.81400   1.32019
  -0.81500   1.31904
  -0.81600   1.31782
  -0.81700   1.31654
  -0.81800   1.31520
  -0.81900   1.31381
  -0.82000   1.31235
  -0.82100   1.31083
  -0.82200   1.30926
  -0.82300   1.30763
  -0.82400   1.30595
  -0.82500   1.30421
  -0.82600   1.30241
  -0.82700   1.30056
  -0.82800   1.29866
  -0.82900   1.29671
  -0.83000   1.29471
  -0.83100   1.29266
  -0.83200   1.29056
  -0.83300   1.28841
  -0.83400   1.28622
  -0.83500   1.28398
  -0.83600   1.28169
  -0.83700   1.27936
  -0.83800   1.27699
  -0.83900   1.27458
  -0.84000   1.27213
  -0.84100   1.26964
  -0.84200   1.26712
  -0.84300   1.26455
  -0.84400   1.26195
  -0.84500   1.25932
  -0.84600   1.25665
  -0.84700   1.25396
  -0.84800   1.25123
  -0.84900   1.24847
  -0.85000   1.24569
  -0.85100   1.24288
  -0.85200   1.24004
  -0.85300   1.23719
  -0.85400   1.23431
  -0.85500   1.23141
  -0.85600   1.22849
  -0.85700   1.22555
  -0.85800   1.22260
  -0.85900   1.21963
  -0.86000   1.21665
  -0.86100   1.21366
  -0.86200   1.21066
  -0.86300   1.20765
  -0.86400   1.20463
  -0.86500   1.20161
  -0.86600   1.19858
  -0.86700   1.19556
  -0.86800   1.19253
  -0.86900   1.18951
  -0.87000   1.18648
  -0.87100   1.18347
  -0.87200   1.18046
  -0.87300   1.17745
  -0.87400   1.17446
  -0.87500   1.17148
  -0.87600   1.16852
  -0.87700   1.16557
  -0.87800   1.16263
  -0.87900   1.15972
  -0.88000   1.15683
  -0.88100   1.15396
  -0.88200   1.15111
  -0.88300   1.14829
  -0.88400   1.14550
  -0.88500   1.14274
  -0.88600   1.14001
  -0.88700   1.13731
  -0.88800   1.13465
  -0.88900   1.13203
  -0.89000   1.12944
  -0.89100   1.12690
  -0.89200   1.12440
  -0.89300   1.12195
  -0.89400   1.11954
  -0.89500   1.11718
  -0.89600   1.11486
  -0.89700   1.11260
  -0.89800   1.11040
  -0.89900   1.10825
  -0.90000   1.10615
  -0.90100   1.10412
  -0.90200   1.10214
  -0.90300   1.10023
  -0.90400   1.09838
  -0.90500   1.09660
  -0.90600   1.09488
  -0.90700   1.09323
  -0.90800   1.09165
  -0.90900   1.09015
  -0.91000   1.08871
  -0.91100   1.08735
  -0.91200   1.08607
  -0.91300   1.08486
  -0.91400   1.08373
  -0.91500   1.08268
  -0.91600   1.08171
  -0.91700   1.08082
  -0.91800   1.08002
  -0.91900   1.07930
  -0.92000   1.07867
  -0.92100   1.07812
  -0.92200   1.07766
  -0.92300   1.07728
  -0.92400   1.07700
  -0.92500   1.07680
  -0.92600   1.07670
  -0.92700   1.07668
  -0.92800   1.07676
  -0.92900   1.07693
  -0.93000   1.07719
  -0.93100   1.07755
  -0.93200   1.07799
  -0.93300   1.07854
  -0.93400   1.07917
  -0.93500   1.07990
  -0.93600   1.08072
  -0.93700   1.08164
  -0.93800   1.08265
  -0.93900   1.08376
  -0.94000   1.08496
  -0.94100   1.08625
  -0.94200   1.08764
  -0.94300   1.08912
  -0.94400   1.09069
  -0.94500   1.09236
  -0.94600   1.09412
  -0.94700   1.09596
  -0.94800   1.09790
  -0.94900   1.09993
  -0.95000   1.10205
  -0.95100   1.10426
  -0.95200   1.10655
  -0.95300   1.10893
  -0.95400   1.11140
  -0.95500   1.11395
  -0.95600   1.11659
  -0.95700   1.11931
  -0.95800   1.12211
  -0.95900   1.12499
  -0.96000   1.12795
  -0.96100   1.13099
  -0.96200   1.13411
  -0.96300   1.13730
  -0.96400   1.14057
  -0.96500   1.14391
  -0.96600   1.14733
  -0.96700   1.15081
  -0.96800   1.15436
  -0.96900   1.15798
  -0.97000   1.16167
  -0.97100   1.16542
  -0.97200   1.16923
  -0.97300   1.17310
  -0.97400   1.17704
  -0.97500   1.18103
  -0.97600   1.18508
  -0.97700   1.18918
  -0.97800   1.19334
  -0.97900   1.19755
  -0.98000   1.20181
  -0.98100   1.20612
  -0.98200   1.21048
  -0.98300   1.21488
  -0.98400   1.21932
  -0.98500   1.22381
  -0.98600   1.22834
  -0.98700   1.23290
  -0.98800   1.23750
  -0.98900   1.24214
  -0.99000   1.24681
  -0.99100   1.25152
  -0.99200   1.25625
  -0.99300   1.26101
  -0.99400   1.26580
  -0.99500   1.27062
  -0.99600   1.27545
  -0.99700   1.28031
  -0.99800   1.28520
  -0.99900   1.29010
  -1.00000   1.29501
  -1.00100   1.29995
  -1.00200   1.30489
  -1.00300   1.30985
  -1.00400   1.31482
  -1.00500   1.31980
  -1.00600   1.32479
  -1.00700   1.32978
  -1.00800   1.33478
  -1.00900   1.33978
  -1.01000   1.34479
  -1.01100   1.34979
  -1.01200   1.35480
  -1.01300   1.35980
  -1.01400   1.36480
  -1.01500   1.36979
  -1.01600   1.37478
  -1.01700   1.37975
  -1.01800   1.38472
  -1.01900   1.38968
  -1.02000   1.39463
  -1.02100   1.39956
  -1.02200   1.40448
  -1.02300   1.40938
  -1.02400   1.41427
  -1.02500   1.41913
  -1.02600   1.42398
  -1.02700   1.42881
  -1.02800   1.43361
  -1.02900   1.43840
  -1.03000   1.44316
  -1.03100   1.44789
  -1.03200   1.45260
  -1.03300   1.45727
  -1.03400   1.46193
  -1.03500   1.46655
  -1.03600   1.47114
  -1.03700   1.47570
  -1.03800   1.48022
  -1.03900   1.48472
  -1.04000   1.48918
  -1.04100   1.49360
  -1.04200   1.49799
  -1.04300   1.50234
  -1.04400   1.50665
  -1.04500   1.51092
  -1.04600   1.51515
  -1.04700   1.51935
  -1.04800   1.52350
  -1.04900   1.52761
  -1.05000   1.53167
  -1.05100   1.53569
  -1.05200   1.53967
  -1.05300   1.54360
  -1.05400   1.54749
  -1.05500   1.55133
  -1.05600   1.55512
  -1.05700   1.55887
  -1.05800   1.56257
  -1.05900   1.56621
  -1.06000   1.56981
  -1.06100   1.57336
  -1.06200   1.57686
  -1.06300   1.58030
  -1.06400   1.58369
  -1.06500   1.58704
  -1.06600   1.59032
  -1.06700   1.59356
  -1.06800   1.59674
  -1.06900   1.59987
  -1.07000   1.60294
  -1.07100   1.60596
  -1.07200   1.60892
  -1.07300   1.61183
  -1.07400   1.61468
  -1.07500   1.61748
  -1.07600   1.62022
  -1.07700   1.62290
  -1.07800   1.62552
  -1.07900   1.62809
  -1.08000   1.63060
  -1.08100   1.63305
  -1.08200   1.63544
  -1.08300   1.63778
  -1.08400   1.64006
  -1.08500   1.64228
  -1.08600   1.64444
  -1.08700   1.64654
  -1.08800   1.64858
  -1.08900   1.65057
  -1.09000   1.65249
  -1.09100   1.65436
  -1.09200   1.65617
  -1.09300   1.65792
  -1.09400   1.65961
  -1.09500   1.66124
  -1.09600   1.66281
  -1.09700   1.66432
  -1.09800   1.66578
  -1.09900   1.66717
  -1.10000   1.66851
  -1.10100   1.66979
  -1.10200   1.67101
  -1.10300   1.67218
  -1.10400   1.67329
  -1.10500   1.67433
  -1.10600   1.67533
  -1.10700   1.67626
  -1.10800   1.67714
  -1.10900   1.67796
  -1.11000   1.67873
  -1.11100   1.67944
  -1.11200   1.68009
  -1.11300   1.68069
  -1.11400   1.68123
  -1.11500   1.68172
  -1.11600   1.68216
  -1.11700   1.68254
  -1.11800   1.68287
  -1.11900   1.68315
  -1.12000   1.68337
  -1.12100   1.68354
  -1.12200   1.68366
  -1.12300   1.68374
  -1.12400   1.68376
  -1.12500   1.68373
  -1.12600   1.68365
  -1.12700   1.68352
  -1.12800   1.68335
  -1.12900   1.68313
  -1.13000   1.68286
  -1.13100   1.68254
  -1.13200   1.68219
  -1.13300   1.68178
  -1.13400   1.68133
  -1.13500   1.68084
  -1.13600   1.68031
  -1.13700   1.67973
  -1.13800   1.67912
  -1.13900   1.67846
  -1.14000   1.67777
  -1.14100   1.67703
  -1.14200   1.67626
  -1.14300   1.67545
  -1.14400   1.67461
  -1.14500   1.67373
  -1.14600   1.67282
  -1.14700   1.67187
  -1.14800   1.67089
  -1.14900   1.66988
  -1.15000   1.66884
  -1.15100   1.66777
  -1.15200   1.66667
  -1.15300   1.66554
  -1.15400   1.66439
  -1.15500   1.66321
  -1.15600   1.66201
  -1.15700   1.66078
  -1.15800   1.65953
  -1.15900   1.65826
  -1.16000   1.65697
  -1.16100   1.65565
  -1.16200   1.65432
  -1.16300   1.65298
  -1.16400   1.65162
  -1.16500   1.65024
  -1.16600   1.64885
  -1.16700   1.64744
  -1.16800   1.64603
  -1.16900   1.64460
  -1.17000   1.64317
  -1.17100   1.64173
  -1.17200   1.64028
  -1.17300   1.63883
  -1.17400   1.63737
  -1.17500   1.63591
  -1.17600   1.63444
  -1.17700   1.63298
  -1.17800   1.63151
  -1.17900   1.63005
  -1.18000   1.62859
  -1.18100   1.62714
  -1.18200   1.62569
  -1.18300   1.62425
  -1.18400   1.62282
  -1.18500   1.62139
  -1.18600   1.61998
  -1.18700   1.61858
  -1.18800   1.61719
  -1.18900   1.61581
  -1.19000   1.61445
  -1.19100   1.61311
  -1.19200   1.61179
  -1.19300   1.61048
  -1.19400   1.60920
  -1.19500   1.60793
  -1.19600   1.60670
  -1.19700   1.60548
  -1.19800   1.60429
  -1.19900   1.60313
  -1.20000   1.60199
  -1.20100   1.60089
  -1.20200   1.59981
  -1.20300   1.59877
  -1.20400   1.59776
  -1.20500   1.59678
  -1.20600   1.59584
  -1.20700   1.59493
  -1.20800   1.59406
  -1.20900   1.59323
  -1.21000   1.59244
  -1.21100   1.59169
  -1.21200   1.59099
  -1.21300   1.59032
  -1.21400   1.58970
  -1.21500   1.58912
  -1.21600   1.58859
  -1.21700   1.58810
  -1.21800   1.58767
  -1.21900   1.58728
  -1.22000   1.58694
  -1.22100   1.58665
  -1.22200   1.58641
  -1.22300   1.58623
  -1.22400   1.58610
  -1.22500   1.58602
  -1.22600   1.58599
  -1.22700   1.58603
  -1.22800   1.58611
  -1.22900   1.58626
  -1.23000   1.58646
  -1.23100   1.58672
  -1.23200   1.58704
  -1.23300   1.58741
  -1.23400   1.58785
  -1.23500   1.58835
  -1.23600   1.58891
  -1.23700   1.58952
  -1.23800   1.59021
  -1.23900   1.59095
  -1.24000   1.59175
  -1.24100   1.59262
  -1.24200   1.59355
  -1.24300   1.59455
  -1.24400   1.59560
  -1.24500   1.59672
  -1.24600   1.59791
  -1.24700   1.59916
  -1.24800   1.60047
  -1.24900   1.60185
  -1.25000   1.60329
  -1.25100   1.60480
  -1.25200   1.60637
  -1.25300   1.60800
  -1.25400   1.60970
  -1.25500   1.61146
  -1.25600   1.61329
  -1.25700   1.61518
  -1.25800   1.61714
  -1.25900   1.61915
  -1.26000   1.62123
  -1.26100   1.62338
  -1.26200   1.62558
  -1.26300   1.62785
  -1.26400   1.63018
  -1.26500   1.63257
  -1.26600   1.63502
  -1.26700   1.63753
  -1.26800   1.64010
  -1.26900   1.64273
  -1.27000   1.64541
  -1.27100   1.64816
  -1.27200   1.65096
  -1.27300   1.65382
  -1.27400   1.65674
  -1.27500   1.65971
  -1.27600   1.66274
  -1.27700   1.66582
  -1.27800   1.66895
  -1.27900   1.67214
  -1.28000   1.67537
  -1.28100   1.67866
  -1.28200   1.68200
  -1.28300   1.68539
  -1.28400   1.68882
  -1.28500   1.69231
  -1.28600   1.69584
  -1.28700   1.69941
  -1.28800   1.70303
  -1.28900   1.70669
  -1.29000   1.71040
  -1.29100   1.71415
  -1.29200   1.71794
  -1.29300   1.72176
  -1.29400   1.72563
  -1.29500   1.72953
  -1.29600   1.73348
  -1.29700   1.73745
  -1.29800   1.74146
  -1.29900   1.74551
  -1.30000   1.74958
  -1.30100   1.75369
  -1.30200   1.75783
  -1.30300   1.76200
  -1.30400   1.76619
  -1.30500   1.77041
  -1.30600   1.77466
  -1.30700   1.77893
  -1.30800   1.78323
  -1.30900   1.78755
  -1.31000   1.79189
  -1.31100   1.79625
  -1.31200   1.80063
  -1.31300   1.80503
  -1.31400   1.80944
  -1.31500   1.81387
  -1.31600   1.81831
  -1.31700   1.82277
  -1.31800   1.82724
  -1.31900   1.83172
  -1.32000   1.83622
  -1.32100   1.84072
  -1.32200   1.84523
  -1.32300   1.84974
  -1.32400   1.85426
  -1.32500   1.85879
  -1.32600   1.86332
  -1.32700   1.86785
  -1.32800   1.87239
  -1.32900   1.87692
  -1.33000   1.88146
  -1.33100   1.88599
  -1.33200   1.89052
  -1.33300   1.89505
  -1.33400   1.89957
  -1.33500   1.90408
  -1.33600   1.90859
  -1.33700   1.91309
  -1.33800   1.91759
  -1.33900   1.92207
  -1.34000   1.92654
  -1.34100   1.93100
  -1.34200   1.93545
  -1.34300   1.93989
  -1.34400   1.94431
  -1.34500   1.94871
  -1.34600   1.95310
  -1.34700   1.95748
  -1.34800   1.96183
  -1.34900   1.96617
  -1.35000   1.97048
  -1.35100   1.97478
  -1.35200   1.97905
  -1.35300   1.98331
  -1.35400   1.98754
  -1.35500   1.99174
  -1.35600   1.99592
  -1.35700   2.00008
  -1.35800   2.00421
  -1.35900   2.00831
  -1.36000   2.01239
  -1.36100   2.01644
  -1.36200   2.02046
  -1.36300   2.02445
  -1.36400   2.02841
  -1.36500   2.03234
  -1.36600   2.03623
  -1.36700   2.04010
  -1.36800   2.04393
  -1.36900   2.04773
  -1.37000   2.05150
  -1.37100   2.05523
  -1.37200   2.05893
  -1.37300   2.06259
  -1.37400   2.06621
  -1.37500   2.06980
  -1.37600   2.07336
  -1.37700   2.07687
  -1.37800   2.08035
  -1.37900   2.08379
  -1.38000   2.08719
  -1.38100   2.09055
  -1.38200   2.09387
  -1.38300   2.09715
  -1.38400   2.10039
  -1.38500   2.10359
  -1.38600   2.10675
  -1.38700   2.10987
  -1.38800   2.11295
  -1.38900   2.11598
  -1.39000   2.11898
  -1.39100   2.12193
  -1.39200   2.12484
  -1.39300   2.12770
  -1.39400   2.13052
  -1.39500   2.13330
  -1.39600   2.13604
  -1.39700   2.13873
  -1.39800   2.14138
  -1.39900   2.14399
  -1.40000   2.14655
