     0.000000000000000                   NaN
     0.630253574643906     0.010999776516476
     1.260507149287811     0.021998172533648
     1.890760723931717     0.032993609634471
     2.521014298575622     0.043984113913151
     3.151267873219527     0.054967119124004
     3.781521447863434     0.065939270975892
     4.411775022507339     0.076896233076389
     5.042028597151244     0.087832495133473
     5.672282171795149     0.098741184150644
     6.302535746439054     0.109613879502758
     6.932789321082962     0.120440432953191
     7.563042895726867     0.131208794866444
     8.193296470370772     0.141904848081711
     8.823550045014677     0.152512251139746
     9.453803619658581     0.163012292794290
    10.084057194302488     0.173383759986632
    10.714310768946394     0.183602821713244
    11.344564343590298     0.193642931466666
    11.974817918234205     0.203474751173157
    12.605071492878109     0.213066099780494
    13.235325067522016     0.222381929858251
    13.865578642165923     0.231384335752899
    14.495832216809827     0.240032596982097
    15.126085791453734     0.248283260647074
    15.756339366097636     0.256090266678798
    16.386592940741544     0.263405119701928
    17.016846515385449     0.270177111189303
    17.647100090029355     0.276353595377761
    18.277353664673260     0.281880322112224
    18.907607239317162     0.286701829368581
    19.537860813961071     0.290761897666976
    20.168114388604977     0.294004067916804
    20.798367963248886     0.296372223425738
    21.428621537892788     0.297811235852258
    22.058875112536693     0.298267673781711
    22.689128687180595     0.297690571360188
    23.319382261824504     0.296032253032576
    23.949635836468410     0.293249208909091
    24.579889411112315     0.289303013641232
    25.210142985756217     0.284161279941470
    25.840396560400126     0.277798636054617
    26.470650135044032     0.270197714612201
    27.100903709687937     0.261350138409840
    27.731157284331847     0.251257486783490
    28.361410858975749     0.239932224471114
    28.991664433619654     0.227398573185680
    29.621918008263563     0.213693304652022
    30.252171582907469     0.198866432637252
    30.882425157551367     0.182981780598721
    31.512678732195273     0.166117401053247
    32.142932306839178     0.148365822705450
    32.773185881483087     0.129834101828422
    33.403439456126996     0.110643655429932
    34.033693030770898     0.090929855418635
    34.663946605414800     0.070841365355045
    35.294200180058709     0.050539204467133
    35.924453754702618     0.030195527451405
    36.554707329346520     0.009992113170381
    37.184960903990422     0.009881439320468
    37.815214478634324     0.029229802969434
    38.445468053278233     0.047854292061543
    39.075721627922142     0.065555490425790
    39.705975202566052     0.082136112665638
    40.336228777209953     0.097404064706842
    40.966482351853855     0.111175662011389
    41.596735926497772     0.123278955972247
    42.226989501141674     0.133557111505437
    42.857243075785576     0.141871771937085
    43.487496650429485     0.148106341201421
    44.117750225073387     0.152169108385975
    44.748003799717289     0.153996136047619
    45.378257374361191     0.153553831733992
    46.008510949005100     0.150841122017552
    46.638764523649009     0.145891150294297
    47.269018098292918     0.138772423787899
    47.899271672936820     0.129589341755327
    48.529525247580729     0.118482045876133
    49.159778822224631     0.105625545220112
    49.790032396868533     0.091228081947147
    50.420285971512435     0.075528719836225
    51.050539546156351     0.058794155619866
    51.680793120800253     0.041314772579627
    52.311046695444155     0.023399976516805
    52.941300270088064     0.005372875547871
    53.571553844731966     0.012435613387449
    54.201807419375875     0.029693127510349
    54.832060994019777     0.046072567186598
    55.462314568663693     0.061259009632559
    56.092568143307595     0.074956670902460
    56.722821717951497     0.086895747858340
    57.353075292595399     0.096838963912182
    57.983328867239308     0.104587638928289
    58.613582441883210     0.109987105247146
    59.243836016527126     0.112931298677311
    59.874089591171028     0.113366365686981
    60.504343165814937     0.111293145929883
    61.134596740458839     0.106768412494210
    61.764850315102734     0.099904780507525
    62.395103889746643     0.090869227406639
    63.025357464390545     0.079880204538726
    63.655611039034454     0.067203358867092
    64.285864613678356     0.053145924320645
    64.916118188322272     0.038049883526596
    65.546371762966174     0.022284040980818
    66.176625337610091     0.006235186763935
    66.806878912253993     0.009701435679902
    67.437132486897880     0.025132114761656
    68.067386061541796     0.039674842832210
    68.697639636185698     0.052969393140581
    69.327893210829600     0.064687012041534
    69.958146785473502     0.074539438084816
    70.588400360117419     0.082286970137331
    71.218653934761321     0.087745326535256
    71.848907509405237     0.090791066168032
    72.479161084049139     0.091365379755401
    73.109414658693041     0.089476104454943
    73.739668233336943     0.085197866081765
    74.369921807980845     0.078670309105563
    75.000175382624747     0.070094433451724
    75.630428957268649     0.059727117035221
    76.260682531912565     0.047873961853010
    76.890936106556467     0.034880657272722
    77.521189681200383     0.021123104847430
    78.151443255844285     0.006996592647851
    78.781696830488201     0.007095657973219
    79.411950405132103     0.020754225516508
    80.042203979776005     0.033595140215579
    80.672457554419907     0.045261091982152
    81.302711129063809     0.055431842460620
    81.932964703707711     0.063833512024002
    82.563218278351627     0.070246446774575
    83.193471852995543     0.074511415222275
    83.823725427639431     0.076533937836139
    84.453979002283347     0.076286613279443
    85.084232576927235     0.073809370741826
    85.714486151571151     0.069207646058009
    86.344739726215053     0.062648547819543
    86.974993300858969     0.054355145985469
    87.605246875502857     0.044599077193024
    88.235500450146773     0.033691715839813
    88.865754024790689     0.021974206086507
    89.496007599434577     0.009806685578271
    90.126261174078493     0.002442944336274
    90.756514748722381     0.014410335593847
    91.386768323366312     0.025745732589103
    92.017021898010199     0.036124382402745
    92.647275472654115     0.045255990841150
    93.277529047298017     0.052892935835292
    93.907782621941919     0.058836995967119
    94.538036196585836     0.062944405727015
    95.168289771229723     0.065129108484699
    95.798543345873640     0.065364140833096
    96.428796920517527     0.063681145614173
    97.059050495161458     0.060168073242741
    97.689304069805360     0.054965189696147
    98.319557644449262     0.048259562708731
    98.949811219093164     0.040278243535311
    99.580064793737066     0.031280398686900
   100.210318368380982     0.021548673224291
   100.840571943024869     0.011380083852570
   101.470825517668786     0.001076745938425
   102.101079092312702     0.009063266170320
   102.731332666956604     0.018754640959651
   103.361586241600506     0.027732873123049
   103.991839816244408     0.035761399869110
   104.622093390888310     0.042637639997978
   105.252346965532212     0.048197788915202
   105.882600540176128     0.052320269216031
   106.512854114820044     0.054927784288093
   107.143107689463932     0.055987969799411
   107.773361264107848     0.055512683314657
   108.403614838751750     0.053556014125394
   109.033868413395652     0.050211132406313
   109.664121988039554     0.045606127979481
   110.294375562683456     0.039899013513176
   110.924629137327386     0.033272084415762
   111.554882711971274     0.025925837808720
   112.185136286615190     0.018072655852983
   112.815389861259078     0.009930454691723
   113.445643435902994     0.001716489920233
   114.075897010546910     0.006358506449176
   114.706150585190798     0.014095703191315
   115.336404159834714     0.021312931218462
   115.966657734478616     0.027848725979676
   116.596911309122518     0.033565576263225
   117.227164883766420     0.038352333671706
   117.857418458410336     0.042125765418167
   118.487672033054253     0.044831260027080
   119.117925607698140     0.046442720229164
   119.748179182342056     0.046961699165681
   120.378432756985958     0.046415854469029
   121.008686331629875     0.044856809522076
   121.638939906273762     0.042357522034321
   122.269193480917679     0.039009266973534
   122.899447055561595     0.034918343959084
   123.529700630205468     0.030202618681328
   124.159954204849370     0.024988004086360
   124.790207779493286     0.019404980364659
   125.420461354137203     0.013585243672838
   126.050714928781090     0.007658562504151
   126.680968503425007     0.001749908226084
   127.311222078068909     0.004023086961133
   127.941475652712811     0.009552305027561
   128.571729227356712     0.014740924009978
   129.201982802000629     0.019504793785536
   129.832236376644545     0.023773404908560
   130.462489951288433     0.027490460759384
   131.092743525932349     0.030614072955850
   131.722997100576265     0.033116608163190
   132.353250675220181     0.034984221016405
   132.983504249864069     0.036216112811384
   133.613757824507985     0.036823558952520
   134.244011399151873     0.036828749938943
   134.874264973795761     0.036263491042091
   135.504518548439677     0.035167804919153
   136.134772123083593     0.033588479387996
   136.765025697727509     0.031577599642393
   137.395279272371397     0.029191100501672
   138.025532847015313     0.026487370056293
   138.655786421659201     0.023525931474361
   139.286039996303117     0.020366224946314
   139.916293570947005     0.017066506923496
   140.546547145590921     0.013682879089949
   141.176800720234837     0.010268455014170
   141.807054294878725     0.006872668255794
   142.437307869522641     0.003540721926474
   143.067561444166557     0.000313176378815
   143.697815018810473     0.002774331144111
   144.328068593454361     0.005691243407586
   144.958322168098277     0.008412126983904
   145.588575742742194     0.010916614660962
   146.218829317386081     0.013189259072282
   146.849082892029998     0.015219310640075
   147.479336466673885     0.017000433024918
   148.109590041317801     0.018530369046785
   148.739843615961689     0.019810569532952
   149.370097190605605     0.020845796809447
   150.000350765249493     0.021643713634407
   150.630604339893438     0.022214467321668
   151.260857914537297     0.022570277665869
   151.891111489181213     0.022725036096726
   152.521365063825129     0.022693922295847
   153.151618638469046     0.022493043335502
   153.781872213112933     0.022139099270960
   154.412125787756850     0.021649078057189
   155.042379362400766     0.021039981682936
   155.672632937044654     0.020328584531782
   156.302886511688570     0.019531224198142
   156.933140086332486     0.018663624309766
   157.563393660976402     0.017740748337582
   158.193647235620290     0.016776682906278
   158.823900810264206     0.015784548750206
   159.454154384908094     0.014776437182816
   160.084407959552010     0.013763369756067
   160.714661534195898     0.012755278670762
   161.344915108839814     0.011761005450388
   161.975168683483730     0.010788315400614
   162.605422258127618     0.009843925434990
   163.235675832771506     0.008933542945714
   163.865929407415422     0.008061913528277
   164.496182982059338     0.007232875522574
   165.126436556703254     0.006449419503704
   165.756690131347170     0.005713751036862
   166.386943705991087     0.005027355197004
   167.017197280634974     0.004391061540681
   167.647450855278862     0.003805108400714
   168.277704429922778     0.003269205551030
   168.907958004566694     0.002782594456585
   169.538211579210554     0.002344105480073
   170.168465153854470     0.001952211561700
   170.798718728498386     0.001605078020092
   171.428972303142302     0.001300608240958
   172.059225877786218     0.001036485125566
   172.689479452430106     0.000810208263711
   173.319733027074022     0.000619126876308
   173.949986601717939     0.000460468641676
   174.580240176361826     0.000331364578040
   175.210493751005714     0.000228870203588
   175.840747325649630     0.000149983235715
   176.471000900293546     0.000091658123845
   177.101254474937463     0.000050817736426
   177.731508049581379     0.000024362543369
   178.361761624225295     0.000009177651180
   178.992015198869154     0.000002138060111
   179.622268773513071     0.000000112521607
   180.252522348156987     0.000000033619352
   180.882775922800903     0.000001436208204
   181.513029497444762     0.000007230299771
   182.143283072088678     0.000020548020087
   182.773536646732623     0.000044515879537
   183.403790221376511     0.000082251147848
   184.034043796020399     0.000136856905351
   184.664297370664315     0.000211415390799
   185.294550945308231     0.000308979274393
   185.924804519952119     0.000432560496080
   186.555058094596035     0.000585116324353
   187.185311669239923     0.000769532310415
   187.815565243883839     0.000988601837625
   188.445818818527755     0.001245001997536
   189.076072393171671     0.001541265562509
   189.706325967815587     0.001879748871974
   190.336579542459447     0.002262595505825
   190.966833117103363     0.002691695685254
   191.597086691747279     0.003168641419404
   192.227340266391195     0.003694677506383
   192.857593841035055     0.004270648600023
   193.487847415678999     0.004896942669729
   194.118100990322915     0.005573431309897
   194.748354564966832     0.006299407497492
   195.378608139610719     0.007073521550816
   196.008861714254607     0.007893716208027
   196.639115288898523     0.008757161919069
   197.269368863542411     0.009660193626797
   197.899622438186327     0.010598250499432
   198.529876012830215     0.011565820263177
   199.160129587474131     0.012556389966435
   199.790383162118047     0.013562405180280
   200.420636736761963     0.014575239797461
   201.050890311405880     0.015585178727547
   201.681143886049739     0.016581415891019
   202.311397460693655     0.017552069982172
   202.941651035337571     0.018484220490643
   203.571904609981488     0.019363966435305
   204.202158184625404     0.020176510162779
   204.832411759269291     0.020906268386964
   205.462665333913208     0.021537012387011
   206.092918908557124     0.022052038931294
   206.723172483201012     0.022434373047516
   207.353426057844928     0.022667003209122
   207.983679632488816     0.022733148852890
   208.613933207132703     0.022616559381624
   209.244186781776619     0.022301842942255
   209.874440356420536     0.021774822309827
   210.504693931064423     0.021022914162423
   211.134947505708340     0.020035526916067
   211.765201080352256     0.018804471121974
   212.395454654996172     0.017324375235960
   213.025708229640088     0.015593098381387
   213.655961804283947     0.013612130577611
   214.286215378927864     0.011386969835189
   214.916468953571780     0.008927464570855
   215.546722528215696     0.006248109016902
   216.176976102859612     0.003368278740645
   216.807229677503500     0.000312393101143
   217.437483252147416     0.002890008497353
   218.067736826791304     0.006204289294364
   218.697990401435220     0.009590848729068
   219.328243976079108     0.013005377522357
   219.958497550723024     0.016399243199469
   220.588751125366912     0.019720012725788
   221.219004700010828     0.022912116185724
   221.849258274654773     0.025917652203239
   222.479511849298632     0.028677332112699
   223.109765423942548     0.031131555790331
   223.740018998586464     0.033221607620682
   224.370272573230380     0.034890956391788
   225.000526147874240     0.036086638101686
   225.630779722518156     0.036760695852459
   226.261033297162072     0.036871646360166
   226.891286871805988     0.036385938289776
   227.521540446449904     0.035279363815658
   228.151794021093821     0.033538381699556
   228.782047595737708     0.031161307959860
   229.412301170381596     0.028159329063133
   230.042554745025512     0.024557292673054
   230.672808319669429     0.020394232493263
   231.303061894313316     0.015723586759504
   231.933315468957232     0.010613074554975
   232.563569043601149     0.005144200376567
   233.193822618245036     0.000588634749174
   233.824076192888924     0.006479427890929
   234.454329767532840     0.012412276060745
   235.084583342176757     0.018263474771177
   235.714836916820673     0.023903989877929
   236.345090491464589     0.029202265802958
   236.975344066108505     0.034027319578864
   237.605597640752364     0.038252056778554
   238.235851215396281     0.041756732783882
   238.866104790040197     0.044432471516952
   239.496358364684113     0.046184744229153
   240.126611939328001     0.046936703725093
   240.756865513971917     0.046632264967542
   241.387119088615833     0.045238821786548
   242.017372663259749     0.042749491745064
   242.647626237903637     0.039184787340209
   243.277879812547525     0.034593621771475
   243.908133387191441     0.029053571477779
   244.538386961835357     0.022670335380374
   245.168640536479273     0.015576351959320
   245.798894111123190     0.007928559471391
   246.429147685767106     0.000094688831801
   247.059401260410937     0.008297514465929
   247.689654835054853     0.016471139550966
   248.319908409698741     0.024399151190990
   248.950161984342657     0.031863279549786
   249.580415558986573     0.038649539856792
   250.210669133630489     0.044554567131883
   250.840922708274405     0.049391955467398
   251.471176282918265     0.052998402177554
   252.101429857562181     0.055239451803396
   252.731683432206097     0.056014636446285
   253.361937006850013     0.055261817574968
   253.992190581493929     0.052960550439769
   254.622444156137817     0.049134315388809
   255.252697730781733     0.043851490287304
   255.882951305425621     0.037224974178218
   256.513204880069509     0.029410413303428
   257.143458454713425     0.020603025391262
   257.773712029357341     0.011033065256281
   258.403965604001257     0.000960022630222
   259.034219178645174     0.009334309982674
   259.664472753289090     0.019553717536070
   260.294726327933006     0.029396169305213
   260.924979902576865     0.038562897564893
   261.555233477220781     0.046767667588242
   262.185487051864698     0.053745941752390
   262.815740626508614     0.059263633737862
   263.445994201152530     0.063125152551970
   264.076247775796446     0.065180450629534
   264.706501350440362     0.065330815395830
   265.336754925084222     0.063533178830218
   265.967008499728138     0.059802763752206
   266.597262074372054     0.054213937394322
   267.227515649015970     0.046899200623300
   267.857769223659886     0.038046302943159
   268.488022798303746     0.027893536978794
   269.118276372947662     0.016723329195168
   269.748529947591521     0.004854303823778
   270.378783522235437     0.007367947923491
   271.009037096879354     0.019581113386071
   271.639290671523270     0.031417099970690
   272.269544246167186     0.042513325739563
   272.899797820811102     0.052523995816097
   273.530051395455018     0.061130997546252
   274.160304970098935     0.068054056339646
   274.790558544742794     0.073059815667381
   275.420812119386710     0.075969538109764
   276.051065694030626     0.076665168471434
   276.681319268674486     0.075093553251967
   277.311572843318402     0.071268671269409
   277.941826417962318     0.065271795804901
   278.572079992606234     0.057249576907678
   279.202333567250093     0.047410101019648
   279.832587141894010     0.036017051401834
   280.462840716537926     0.023382154626570
   281.093094291181842     0.009856153485643
   281.723347865825758     0.004181406826243
   282.353601440469674     0.018333256002343
   282.983855015113591     0.032195991012526
   283.614108589757450     0.045371822066440
   284.244362164401366     0.057480109724962
   284.874615739045282     0.068168341887671
   285.504869313689198     0.077122221974453
   286.135122888333115     0.084074572626360
   286.765376462977031     0.088812801304658
   287.395630037620947     0.091184723608975
   288.025883612264863     0.091102595089564
   288.656137186908722     0.088545260778031
   289.286390761552639     0.083558391528363
   289.916644336196555     0.076252835486873
   290.546897910840471     0.066801169631604
   291.177151485484387     0.055432588537235
   291.807405060128247     0.042426313751938
   292.437658634772163     0.028103746110115
   293.067912209416079     0.012819613948329
   293.698165784059995     0.003047608130803
   294.328419358703911     0.019105722924803
   294.958672933347771     0.034958986629543
   295.588926507991687     0.050218152980897
   296.219180082635603     0.064510115642249
   296.849433657279519     0.077486900757270
   297.479687231923378     0.088833789867545
   298.109940806567295     0.098276386917442
   298.740194381211211     0.105586480507698
   299.370447955855127     0.110586592535346
   300.000701530498986     0.113153145489624
   300.630955105142959     0.113218221626546
   301.261208679786876     0.110769926773017
   301.891462254430792     0.105851408494465
   302.521715829074594     0.098558611833084
   303.151969403718510     0.089036884999148
   303.782222978362427     0.077476571678255
   304.412476553006343     0.064107745602798
   305.042730127650259     0.049194256521546
   305.672983702294175     0.033027264669315
   306.303237276938091     0.015918443444795
   306.933490851581951     0.001806972441808
   307.563744426225867     0.019817123147685
   308.193998000869783     0.037780285121757
   308.824251575513699     0.055371313253899
   309.454505150157615     0.072277636548311
   310.084758724801532     0.088204699494247
   310.715012299445448     0.102880762029382
   311.345265874089307     0.116060992376014
   311.975519448733223     0.127530808434018
   312.605773023377139     0.137108444249741
   313.236026598021056     0.144646737829971
   313.866280172664972     0.150034154796647
   314.496533747308888     0.153195078728401
   315.126787321952804     0.154089413243593
   315.757040896596664     0.152711552767138
   316.387294471240580     0.149088788394196
   317.017548045884496     0.143279222299016
   317.647801620528412     0.135369268788005
   318.278055195172271     0.125470822474451
   318.908308769816188     0.113718174320988
   319.538562344460104     0.100264754658463
   320.168815919104020     0.085279778979779
   320.799069493747879     0.068944867578285
   321.429323068391795     0.051450704216197
   322.059576643035712     0.032993792235293
   322.689830217679628     0.013773359118989
   323.320083792323544     0.006011547270931
   323.950337366967460     0.026164735499674
   324.580590941611376     0.046495293011399
   325.210844516255236     0.066819734486731
   325.841098090899152     0.086963863632274
   326.471351665543011     0.106764342683271
   327.101605240186927     0.126069970045019
   327.731858814830844     0.144742671962123
   328.362112389474760     0.162658218842247
   328.992365964118676     0.179706680851169
   329.622619538762592     0.195792640638097
   330.252873113406508     0.210835183562055
   330.883126688050424     0.224767687604838
   331.513380262694341     0.237537436319158
   332.143633837338257     0.249105078727230
   332.773887411982173     0.259443960117516
   333.404140986626089     0.268539347251867
   334.034394561269949     0.276387570660697
   334.664648135913808     0.282995105538604
   335.294901710557724     0.288377611324129
   335.925155285201640     0.292558948419006
   336.555408859845556     0.295570188734128
   337.185662434489473     0.297448634896150
   337.815916009133389     0.298236861059217
   338.446169583777305     0.297981786383727
   339.076423158421107     0.296733790405166
   339.706676733065024     0.294545877751504
   340.336930307708940     0.291472898002156
   340.967183882352856     0.287570824934222
   341.597437456996772     0.282896097986287
   342.227691031640688     0.277505027495684
   342.857944606284605     0.271453264136483
   343.488198180928521     0.264795332003558
   344.118451755572437     0.257584223950952
   344.748705330216296     0.249871057095356
   345.378958904860212     0.241704785831195
   346.009212479504129     0.233131969263817
   346.639466054148045     0.224196589641896
   347.269719628791961     0.214939918148850
   347.899973203435877     0.205400424284678
   348.530226778079737     0.195613725023028
   349.160480352723653     0.185612569952343
   349.790733927367512     0.175426858693853
   350.420987502011428     0.165083687022529
   351.051241076655344     0.154607418290319
   351.681494651299261     0.144019776954886
   352.311748225943177     0.133339961243342
   352.942001800587093     0.122584772221727
   353.572255375231009     0.111768756790319
   354.202508949874925     0.100904362376427
   354.832762524518841     0.090002101344803
   355.463016099162758     0.079070723386749
   356.093269673806674     0.068117394378444
   356.723523248450590     0.057147880413743
   357.353776823094393     0.046166735913943
   357.984030397738309     0.035177494894458
   358.614283972382225     0.024182864624281
   359.244537547026141     0.013184921046872
   359.874791121670057     0.002185305439729
