   0.000000000000000   0.000106781186548
   0.011000000000000   0.000140379351717
   0.022000000000000   0.000241160202854
   0.033000000000000   0.000409082808582
   0.044000000000000   0.000644078955737
   0.055000000000000   0.000946053158099
   0.066000000000000   0.001314882668660
   0.077000000000000   0.001750417495490
   0.088000000000000   0.002252480421283
   0.099000000000000   0.002820867026636
   0.110000000000000   0.003455345717194
   0.121000000000000   0.004155657754750
   0.132000000000000   0.004921517292443
   0.143000000000000   0.005752611414185
   0.154000000000000   0.006648600178481
   0.165000000000000   0.007609116666808
   0.176000000000000   0.008633767036738
   0.187000000000000   0.009722130579991
   0.198000000000000   0.010873759785639
   0.209000000000000   0.012088180408674
   0.220000000000000   0.013364891544162
   0.231000000000000   0.014703365707238
   0.242000000000000   0.016103048919188
   0.253000000000000   0.017563360799873
   0.264000000000000   0.019083694666774
   0.275000000000000   0.020663417640930
   0.286000000000000   0.022301870760060
   0.297000000000000   0.023998369099156
   0.308000000000000   0.025752201898850
   0.319000000000000   0.027562632701864
   0.330000000000000   0.029428899497847
   0.341000000000000   0.031350214876910
   0.352000000000000   0.033325766192186
   0.363000000000000   0.035354715731730
   0.374000000000000   0.037436200900078
   0.385000000000000   0.039569334409793
   0.396000000000000   0.041753204483309
   0.407000000000000   0.043986875065414
   0.418000000000000   0.046269386046672
   0.429000000000000   0.048599753498115
   0.440000000000000   0.050976969917505
   0.451000000000000   0.053400004487494
   0.462000000000000   0.055867803345963
   0.473000000000000   0.058379289868865
   0.484000000000000   0.060933364965829
   0.495000000000000   0.063528907388846
   0.506000000000000   0.066164774054268
   0.517000000000000   0.068839800378428
   0.528000000000000   0.071552800627095
   0.539000000000000   0.074302568279028
   0.550000000000000   0.077087876403855
   0.561000000000000   0.079907478054482
   0.572000000000000   0.082760106674243
   0.583000000000000   0.085644476518972
   0.594000000000000   0.088559283094168
   0.605000000000000   0.091503203607406
   0.616000000000000   0.094474897436124
   0.627000000000000   0.097473006610915
   0.638000000000000   0.100496156314410
   0.649000000000000   0.103542955395829
   0.660000000000000   0.106611996901267
   0.671000000000000   0.109701858619748
   0.682000000000000   0.112811103645048
   0.693000000000000   0.115938280953296
   0.704000000000000   0.119081925996313
   0.715000000000000   0.122240561310627
   0.726000000000000   0.125412697142101
   0.737000000000000   0.128596832086049
   0.748000000000000   0.131791453742728
   0.759000000000000   0.134995039388039
   0.770000000000000   0.138206056659262
   0.781000000000000   0.141422964255621
   0.792000000000000   0.144644212653430
   0.803000000000000   0.147868244835585
   0.814000000000000   0.151093497035089
   0.825000000000000   0.154318399492317
   0.836000000000000   0.157541377225668
   0.847000000000000   0.160760850815242
   0.858000000000000   0.163975237199147
   0.869000000000000   0.167182950482010
   0.880000000000000   0.170382402755258
   0.891000000000000   0.173572004928676
   0.902000000000000   0.176750167572755
   0.913000000000000   0.179915301771306
   0.924000000000000   0.183065819983774
   0.935000000000000   0.186200136916692
   0.946000000000000   0.189316670403663
   0.957000000000000   0.192413842293256
   0.968000000000000   0.195490079344152
   0.979000000000000   0.198543814126888
   0.990000000000000   0.201573485931491
   1.001000000000000   0.204577541680295
   1.012000000000000   0.207554436845211
   1.023000000000000   0.210502636368684
   1.034000000000000   0.213420615587572
   1.045000000000000   0.216306861159166
   1.056000000000000   0.219159871988518
   1.067000000000000   0.221978160156289
   1.078000000000000   0.224760251846248
   1.089000000000000   0.227504688271596
   1.100000000000000   0.230210026599235
   1.111000000000000   0.232874840871124
   1.122000000000000   0.235497722921827
   1.133000000000000   0.238077283291368
   1.144000000000000   0.240612152132490
   1.155000000000000   0.243100980111427
   1.166000000000000   0.245542439301257
   1.177000000000000   0.247935224066947
   1.188000000000000   0.250278051941168
   1.199000000000000   0.252569664489967
   1.210000000000000   0.254808828167386
   1.221000000000000   0.256994335158116
   1.232000000000000   0.259125004207294
   1.243000000000000   0.261199681436526
   1.254000000000000   0.263217241145259
   1.265000000000000   0.265176586596622
   1.276000000000000   0.267076650786851
   1.287000000000000   0.268916397197446
   1.298000000000000   0.270694820529224
   1.309000000000000   0.272410947417408
   1.320000000000000   0.274063837126974
   1.331000000000000   0.275652582227422
   1.342000000000000   0.277176309246219
   1.353000000000000   0.278634179300138
   1.364000000000000   0.280025388703771
   1.375000000000000   0.281349169554482
   1.386000000000000   0.282604790293141
   1.397000000000000   0.283791556239938
   1.408000000000000   0.284908810104674
   1.419000000000000   0.285955932470899
   1.430000000000000   0.286932342253325
   1.441000000000000   0.287837497127957
   1.452000000000000   0.288670893934439
   1.463000000000000   0.289432069050106
   1.474000000000000   0.290120598735308
   1.485000000000000   0.290736099449573
   1.496000000000000   0.291278228138231
   1.507000000000000   0.291746682489141
   1.518000000000000   0.292141201159220
   1.529000000000000   0.292461563970478
   1.540000000000000   0.292707592075335
   1.551000000000000   0.292879148091007
   1.562000000000000   0.292976136202799
   1.573000000000000   0.292998502236173
   1.584000000000000   0.292946233697514
   1.595000000000000   0.292819359783531
   1.606000000000000   0.292617951359284
   1.617000000000000   0.292342120904872
   1.628000000000000   0.291992022430838
   1.639000000000000   0.291567851362402
   1.650000000000000   0.291069844392659
   1.661000000000000   0.290498279304931
   1.672000000000000   0.289853474764476
   1.683000000000000   0.289135790079832
   1.694000000000000   0.288345624934068
   1.705000000000000   0.287483419086281
   1.716000000000000   0.286549652043699
   1.727000000000000   0.285544842704798
   1.738000000000000   0.284469548973853
   1.749000000000000   0.283324367347402
   1.760000000000000   0.282109932473122
   1.771000000000000   0.280826916681633
   1.782000000000000   0.279476029491818
   1.793000000000000   0.278058017090225
   1.804000000000000   0.276573661785196
   1.815000000000000   0.275023781436343
   1.826000000000000   0.273409228860075
   1.837000000000000   0.271730891211848
   1.848000000000000   0.269989689345884
   1.859000000000000   0.268186577153089
   1.870000000000000   0.266322540877941
   1.881000000000000   0.264398598415143
   1.892000000000000   0.262415798586826
   1.903000000000000   0.260375220401153
   1.914000000000000   0.258277972293131
   1.925000000000000   0.256125191348512
   1.936000000000000   0.253918042511621
   1.947000000000000   0.251657717778007
   1.958000000000000   0.249345435372795
   1.969000000000000   0.246982438915628
   1.980000000000000   0.244569996573111
   1.991000000000000   0.242109400199655
   2.002000000000000   0.239601964467630
   2.013000000000000   0.237049025987742
   2.024000000000000   0.234451942420555
   2.035000000000000   0.231812091580044
   2.046000000000000   0.229130870530130
   2.057000000000000   0.226409694675060
   2.068000000000000   0.223649996844566
   2.079000000000000   0.220853226374691
   2.090000000000000   0.218020848185151
   2.101000000000000   0.215154341854145
   2.112000000000000   0.212255200691456
   2.123000000000000   0.209324930810708
   2.134000000000000   0.206365050201631
   2.145000000000000   0.203377087803153
   2.156000000000000   0.200362582578152
   2.167000000000000   0.197323082590642
   2.178000000000000   0.194260144086211
   2.189000000000000   0.191175330576438
   2.200000000000000   0.188070211928074
   2.211000000000000   0.184946363457677
   2.222000000000000   0.181805365032430
   2.233000000000000   0.178648800177823
   2.244000000000000   0.175478255192853
   2.255000000000000   0.172295318273379
   2.266000000000000   0.169101578644267
   2.277000000000000   0.165898625700886
   2.288000000000000   0.162688048160552
   2.299000000000000   0.159471433224433
   2.310000000000000   0.156250365750456
   2.321000000000000   0.153026427437686
   2.332000000000000   0.149801196022649
   2.343000000000000   0.146576244488041
   2.354000000000000   0.143353140284219
   2.365000000000000   0.140133444563875
   2.376000000000000   0.136918711430235
   2.387000000000000   0.133710487199117
   2.398000000000000   0.130510309675160
   2.409000000000000   0.127319707442485
   2.420000000000000   0.124140199170049
   2.431000000000000   0.120973292931911
   2.442000000000000   0.117820485542598
   2.453000000000000   0.114683261907766
   2.464000000000000   0.111563094390265
   2.475000000000000   0.108461442191767
   2.486000000000000   0.105379750750011
   2.497000000000000   0.102319451151777
   2.508000000000000   0.099281959561595
   2.519000000000000   0.096268676666242
   2.530000000000000   0.093280987135013
   2.541000000000000   0.090320259095742
   2.552000000000000   0.087387843626534
   2.563000000000000   0.084485074263145
   2.574000000000000   0.081613266521910
   2.585000000000000   0.078773717438136
   2.596000000000000   0.075967705119813
   2.607000000000000   0.073196488316518
   2.618000000000000   0.070461306003344
   2.629000000000000   0.067763376979675
   2.640000000000000   0.065103899482627
   2.651000000000000   0.062484050814937
   2.662000000000000   0.059904986987080
   2.673000000000000   0.057367842373394
   2.684000000000000   0.054873729381945
   2.695000000000000   0.052423738137891
   2.706000000000000   0.050018936180078
   2.717000000000000   0.047660368170577
   2.728000000000000   0.045349055616892
   2.739000000000000   0.043085996606530
   2.750000000000000   0.040872165553652
   2.761000000000000   0.038708512957480
   2.772000000000000   0.036595965172157
   2.783000000000000   0.034535424187751
   2.794000000000000   0.032527767422069
   2.805000000000000   0.030573847522981
   2.816000000000000   0.028674492180910
   2.827000000000000   0.026830503951186
   2.838000000000000   0.025042660085925
   2.849000000000000   0.023311712375124
   2.860000000000000   0.021638386996646
   2.871000000000000   0.020023384374783
   2.882000000000000   0.018467379047086
   2.893000000000000   0.016971019539139
   2.904000000000000   0.015534928247006
   2.915000000000000   0.014159701327014
   2.926000000000000   0.012845908592614
   2.937000000000000   0.011594093418023
   2.948000000000000   0.010404772648368
   2.959000000000000   0.009278436516081
   2.970000000000000   0.008215548563270
   2.981000000000000   0.007216545569828
   2.992000000000000   0.006281837487047
   3.003000000000000   0.005411807376503
   3.014000000000000   0.004606811353999
   3.025000000000000   0.003867178538365
   3.036000000000000   0.003193211004933
   3.047000000000000   0.002585183743491
   3.058000000000000   0.002043344620570
   3.069000000000000   0.001567914345906
   3.080000000000000   0.001159086442934
   3.091000000000000   0.000817027223213
   3.102000000000000   0.000541875764646
   3.113000000000000   0.000333743893422
   3.124000000000000   0.000192716169598
   3.135000000000000   0.000118849876252
   3.146000000000000   0.000112175012168
   3.157000000000000   0.000172694288007
   3.168000000000000   0.000300383125970
   3.179000000000000   0.000495189662921
   3.190000000000000   0.000757034757016
   3.201000000000000   0.001085811997837
   3.212000000000000   0.001481387720103
   3.223000000000000   0.001943601020999
   3.234000000000000   0.002472263781201
   3.245000000000000   0.003067160689700
   3.256000000000000   0.003728049272511
   3.267000000000000   0.004454659925400
   3.278000000000000   0.005246695950760
   3.289000000000000   0.006103833598780
   3.300000000000000   0.007025722113065
   3.311000000000000   0.008011983780900
   3.322000000000000   0.009062213988318
   3.333000000000000   0.010175981280197
   3.344000000000000   0.011352827425580
   3.355000000000000   0.012592267488458
   3.366000000000000   0.013893789904235
   3.377000000000000   0.015256856562126
   3.388000000000000   0.016680902893752
   3.399000000000000   0.018165337968186
   3.410000000000000   0.019709544593718
   3.421000000000000   0.021312879426647
   3.432000000000000   0.022974673087353
   3.443000000000000   0.024694230283970
   3.454000000000000   0.026470829943959
   3.465000000000000   0.028303725353878
   3.476000000000000   0.030192144307660
   3.487000000000000   0.032135289263739
   3.498000000000000   0.034132337511303
   3.509000000000000   0.036182441346028
   3.520000000000000   0.038284728255603
   3.531000000000000   0.040438301115358
   3.542000000000000   0.042642238394337
   3.553000000000000   0.044895594372125
   3.564000000000000   0.047197399366744
   3.575000000000000   0.049546659973945
   3.586000000000000   0.051942359318205
   3.597000000000000   0.054383457315721
   3.608000000000000   0.056868890949735
   3.619000000000000   0.059397574558446
   3.630000000000000   0.061968400135827
   3.641000000000000   0.064580237645610
   3.652000000000000   0.067231935348715
   3.663000000000000   0.069922320144379
   3.674000000000000   0.072650197925238
   3.685000000000000   0.075414353946586
   3.696000000000000   0.078213553210058
   3.707000000000000   0.081046540861917
   3.718000000000000   0.083912042606163
   3.729000000000000   0.086808765132632
   3.740000000000000   0.089735396560257
   3.751000000000000   0.092690606895615
   3.762000000000000   0.095673048506925
   3.773000000000000   0.098681356613565
   3.784000000000000   0.101714149791231
   3.795000000000000   0.104770030492788
   3.806000000000000   0.107847585584865
   3.817000000000000   0.110945386900232
   3.828000000000000   0.114061991805944
   3.839000000000000   0.117195943787253
   3.850000000000000   0.120345773047239
   3.861000000000000   0.123509997122087
   3.872000000000000   0.126687121511939
   3.883000000000000   0.129875640327182
   3.894000000000000   0.133074036950061
   3.905000000000000   0.136280784711422
   3.916000000000000   0.139494347582414
   3.927000000000000   0.142713180880931
   3.938000000000000   0.145935731992534
   3.949000000000000   0.149160441105604
   3.960000000000000   0.152385741960410
   3.971000000000000   0.155610062611781
   3.982000000000000   0.158831826205022
   3.993000000000000   0.162049451764699
   4.004000000000000   0.165261354995890
   4.015000000000000   0.168465949097468
   4.026000000000000   0.171661645586954
   4.037000000000000   0.174846855136463
   4.048000000000000   0.178019988419231
   4.059000000000000   0.181179456966181
   4.069999999999999   0.184323674031967
   4.081000000000000   0.187451055469927
   4.092000000000000   0.190560020615304
   4.103000000000000   0.193648993176127
   4.114000000000000   0.196716402131087
   4.125000000000000   0.199760682633720
   4.136000000000000   0.202780276922209
   4.146999999999999   0.205773635234072
   4.157999999999999   0.208739216725000
   4.169000000000000   0.211675490391081
   4.180000000000000   0.214580935993630
   4.191000000000000   0.217454044985834
   4.202000000000000   0.220293321440385
   4.213000000000000   0.223097282977292
   4.224000000000000   0.225864461691009
   4.234999999999999   0.228593405076041
   4.246000000000000   0.231282676950153
   4.257000000000000   0.233930858374305
   4.268000000000000   0.236536548568428
   4.279000000000000   0.239098365822144
   4.290000000000000   0.241614948399536
   4.301000000000000   0.244084955437053
   4.311999999999999   0.246507067833652
   4.323000000000000   0.248879989132245
   4.334000000000000   0.251202446391565
   4.345000000000000   0.253473191047519
   4.356000000000000   0.255690999763118
   4.367000000000000   0.257854675266091
   4.378000000000000   0.259963047173270
   4.388999999999999   0.262014972800850
   4.399999999999999   0.264009337959643
   4.411000000000000   0.265945057734443
   4.422000000000000   0.267821077246639
   4.433000000000000   0.269636372399218
   4.444000000000000   0.271389950603315
   4.455000000000000   0.273080851485497
   4.465999999999999   0.274708147574951
   4.476999999999999   0.276270944969810
   4.488000000000000   0.277768383981824
   4.499000000000000   0.279199639758643
   4.510000000000000   0.280563922882975
   4.521000000000000   0.281860479947917
   4.532000000000000   0.283088594107777
   4.543000000000000   0.284247585603748
   4.553999999999999   0.285336812263780
   4.565000000000000   0.286355669976084
   4.576000000000000   0.287303593135678
   4.587000000000000   0.288180055063447
   4.598000000000000   0.288984568397206
   4.609000000000000   0.289716685454295
   4.620000000000000   0.290375998565270
   4.630999999999999   0.290962140378272
   4.641999999999999   0.291474784133716
   4.653000000000000   0.291913643908951
   4.664000000000000   0.292278474832601
   4.675000000000000   0.292569073268326
   4.686000000000000   0.292785276967760
   4.697000000000000   0.292926965192461
   4.707999999999999   0.292994058804709
   4.718999999999999   0.292986520327033
   4.730000000000000   0.292904353970422
   4.741000000000000   0.292747605631150
   4.752000000000000   0.292516362856241
   4.763000000000000   0.292210754777615
   4.774000000000000   0.291830952014989
   4.785000000000000   0.291377166547653
   4.795999999999999   0.290849651555288
   4.806999999999999   0.290248701228010
   4.818000000000000   0.289574650545883
   4.829000000000000   0.288827875028165
   4.840000000000000   0.288008790452595
   4.851000000000000   0.287117852545075
   4.862000000000000   0.286155556640100
   4.872999999999999   0.285122437312380
   4.883999999999999   0.284019067980081
   4.895000000000000   0.282846060480169
   4.906000000000000   0.281604064616377
   4.917000000000000   0.280293767680327
   4.928000000000000   0.278915893946395
   4.939000000000000   0.277471204140909
   4.949999999999999   0.275960494886320
   4.960999999999999   0.274384598121003
   4.972000000000000   0.272744380495367
   4.983000000000000   0.271040742744999
   4.994000000000000   0.269274619041547
   5.005000000000000   0.267446976322126
   5.016000000000000   0.265558813597997
   5.027000000000000   0.263611161243334
   5.037999999999999   0.261605080264876
   5.048999999999999   0.259541661553294
   5.060000000000000   0.257422025117134
   5.071000000000000   0.255247319300166
   5.082000000000000   0.253018719983027
   5.093000000000000   0.250737429770039
   5.104000000000000   0.248404677162077
   5.114999999999999   0.246021715716398
   5.125999999999999   0.243589823194324
   5.137000000000000   0.241110300697696
   5.148000000000000   0.238584471795001
   5.159000000000000   0.236013681638090
   5.170000000000000   0.233399296070398
   5.181000000000000   0.230742700727576
   5.191999999999999   0.228045300131452
   5.202999999999999   0.225308516778208
   5.214000000000000   0.222533790221703
   5.225000000000000   0.219722576152795
   5.236000000000000   0.216876345475583
   5.247000000000000   0.213996583381428
   5.258000000000000   0.211084788421608
   5.269000000000000   0.208142471579483
   5.279999999999999   0.205171155342991
   5.290999999999999   0.202172372778308
   5.302000000000000   0.199147666605477
   5.313000000000000   0.196098588276809
   5.324000000000000   0.193026697058822
   5.335000000000000   0.189933559118477
   5.346000000000000   0.186820746614460
   5.356999999999999   0.183689836794210
   5.367999999999999   0.180542411097409
   5.379000000000000   0.177380054266592
   5.390000000000000   0.174204353465543
   5.401000000000000   0.171016897406103
   5.412000000000000   0.167819275483983
   5.423000000000000   0.164613076924188
   5.433999999999999   0.161399889936584
   5.444999999999999   0.158181300882151
   5.456000000000000   0.154958893450431
   5.467000000000000   0.151734247848636
   5.478000000000000   0.148508940002887
   5.489000000000000   0.145284540771990
   5.500000000000000   0.142062615174171
   5.511000000000000   0.138844721627123
   5.521999999999999   0.135632411201723
   5.532999999999999   0.132427226889729
   5.544000000000000   0.129230702885767
   5.555000000000000   0.126044363883841
   5.566000000000000   0.122869724388646
   5.577000000000000   0.119708288041852
   5.588000000000000   0.116561546963589
   5.598999999999999   0.113430981109259
   5.609999999999999   0.110318057641822
   5.621000000000000   0.107224230319676
   5.632000000000000   0.104150938900192
   5.643000000000000   0.101099608558992
   5.654000000000000   0.098071649324981
   5.665000000000000   0.095068455531166
   5.675999999999999   0.092091405281241
   5.686999999999999   0.089141859931908
   5.698000000000000   0.086221163590890
   5.709000000000000   0.083330642630552
   5.720000000000000   0.080471605217036
   5.731000000000000   0.077645340854812
   5.742000000000000   0.074853119946490
   5.752999999999999   0.072096193367766
   5.763999999999999   0.069375792057322
   5.774999999999999   0.066693126621501
   5.786000000000000   0.064049386953562
   5.797000000000000   0.061445741867295
   5.808000000000000   0.058883338744783
   5.819000000000000   0.056363303198061
   5.830000000000000   0.053886738744419
   5.840999999999999   0.051454726495103
   5.851999999999999   0.049068324857128
   5.863000000000000   0.046728569247929
   5.874000000000000   0.044436471822555
   5.885000000000000   0.042193021213117
   5.896000000000000   0.039999182280187
   5.907000000000000   0.037855895875830
   5.917999999999999   0.035764078617969
   5.928999999999999   0.033724622675756
   5.940000000000000   0.031738395565637
   5.951000000000000   0.029806239957790
   5.962000000000000   0.027928973492602
   5.973000000000000   0.026107388606880
   5.984000000000000   0.024342252369462
   5.994999999999999   0.022634306325908
   6.005999999999999   0.020984266351968
   6.016999999999999   0.019392822515482
   6.028000000000000   0.017860638946443
   6.039000000000000   0.016388353714873
   6.050000000000000   0.014976578716246
   6.061000000000000   0.013625899564142
   6.072000000000000   0.012336875489860
   6.082999999999999   0.011110039248696
   6.093999999999999   0.009945897032624
   6.105000000000000   0.008844928389114
   6.116000000000000   0.007807586145831
   6.127000000000000   0.006834296340983
   6.138000000000000   0.005925458159066
   6.149000000000000   0.005081443871803
   6.159999999999999   0.004302598784060
   6.170999999999999   0.003589241184540
   6.181999999999999   0.002941662301067
   6.193000000000000   0.002360126260304
   6.204000000000000   0.001844870051725
   6.215000000000000   0.001396103495708
   6.226000000000000   0.001014009215621
   6.236999999999999   0.000698742613776
   6.247999999999999   0.000450431851153
   6.258999999999999   0.000269177830808
   6.270000000000000   0.000155054184893
   6.281000000000000   0.000108107265228
