   1.2589e+00   7.8400e+01
   1.5849e+00   7.8400e+01
   1.9953e+00   7.8400e+01
   2.5119e+00   7.8400e+01
   3.1623e+00   7.8400e+01
   3.9811e+00   7.8400e+01
   5.0119e+00   7.8400e+01
   6.3096e+00   7.8400e+01
   7.9433e+00   7.8400e+01
   1.0000e+01   7.8400e+01
   1.2589e+01   7.8400e+01
   1.5849e+01   7.8400e+01
   1.9953e+01   7.8400e+01
   2.5119e+01   7.8400e+01
   3.1623e+01   7.8400e+01
   3.9811e+01   7.8400e+01
   5.0119e+01   7.8400e+01
   6.3096e+01   7.8400e+01
   7.9433e+01   7.8400e+01
   1.0000e+02   7.8400e+01
   1.2589e+02   7.8400e+01
   1.5849e+02   7.8400e+01
   1.9953e+02   7.8400e+01
   2.5119e+02   7.8400e+01
   3.1623e+02   7.8400e+01
   3.9811e+02   7.8400e+01
   5.0119e+02   7.8400e+01
   6.3096e+02   7.8400e+01
   7.9433e+02   7.8400e+01
   1.0000e+03   7.8400e+01
   1.2589e+03   7.8400e+01
   1.5849e+03   7.8400e+01
   1.9953e+03   7.8400e+01
   2.5119e+03   7.8400e+01
   3.1623e+03   7.8400e+01
   3.9811e+03   7.8400e+01
   5.0119e+03   7.8400e+01
   6.3096e+03   7.8400e+01
   7.9433e+03   7.8400e+01
   1.0000e+04   7.8400e+01
   1.2589e+04   7.8400e+01
   1.5849e+04   7.8400e+01
   1.9953e+04   7.8400e+01
   2.5119e+04   7.8400e+01
   3.1623e+04   7.8400e+01
   3.9811e+04   7.8400e+01
   5.0119e+04   7.8400e+01
   6.3096e+04   7.8400e+01
   7.9433e+04   7.8400e+01
   1.0000e+05   7.8400e+01
   1.2589e+05   7.8400e+01
   1.5849e+05   7.8400e+01
   1.9953e+05   7.8400e+01
   2.5119e+05   7.8400e+01
   3.1623e+05   7.8400e+01
   3.9811e+05   7.8400e+01
   5.0119e+05   7.8400e+01
   6.3096e+05   7.8400e+01
   7.9433e+05   7.8400e+01
   1.0000e+06   7.8400e+01
   1.2589e+06   7.8400e+01
   1.5849e+06   7.8400e+01
   1.9953e+06   7.8400e+01
   2.5119e+06   7.8400e+01
   3.1623e+06   7.8400e+01
   3.9811e+06   7.8400e+01
   5.0119e+06   7.8400e+01
   6.3096e+06   7.8400e+01
   7.9433e+06   7.8400e+01
   1.0000e+07   7.8400e+01
   1.2589e+07   7.8400e+01
   1.5849e+07   7.8400e+01
   1.9953e+07   7.8400e+01
   2.5119e+07   7.8400e+01
   3.1623e+07   7.8400e+01
   3.9811e+07   7.8400e+01
   5.0119e+07   7.8400e+01
   6.3096e+07   7.8400e+01
   7.9433e+07   7.8400e+01
   1.0000e+08   7.8400e+01
   1.2589e+08   7.8400e+01
   1.5849e+08   7.8400e+01
   1.9953e+08   7.8400e+01
   2.5119e+08   7.8400e+01
   3.1623e+08   7.8400e+01
   3.9811e+08   7.8399e+01
   5.0119e+08   7.8399e+01
   6.3096e+08   7.8398e+01
   7.9433e+08   7.8397e+01
   1.0000e+09   7.8395e+01
   1.2589e+09   7.8392e+01
   1.5849e+09   7.8388e+01
   1.9953e+09   7.8380e+01
   2.5119e+09   7.8369e+01
   3.1623e+09   7.8350e+01
   3.9811e+09   7.8322e+01
   5.0119e+09   7.8276e+01
   6.3096e+09   7.8203e+01
   7.9433e+09   7.8089e+01
   1.0000e+10   7.7908e+01
   1.2589e+10   7.7623e+01
   1.5849e+10   7.7177e+01
   1.9953e+10   7.6480e+01
   2.5119e+10   7.5403e+01
   3.1623e+10   7.3762e+01
   3.9811e+10   7.1314e+01
   5.0119e+10   6.7776e+01
   6.3096e+10   6.2888e+01
   7.9433e+10   5.6543e+01
   1.0000e+11   4.8938e+01
   1.2589e+11   4.0648e+01
   1.5849e+11   3.2491e+01
   1.9953e+11   2.5228e+01
   2.5119e+11   1.9302e+01
   3.1623e+11   1.4782e+01
   3.9811e+11   1.1478e+01
   5.0119e+11   9.1017e+00
   6.3096e+11   7.3738e+00
   7.9433e+11   6.0817e+00
   1.0000e+12   5.0889e+00
   1.2589e+12   4.3205e+00
   1.5849e+12   3.7361e+00
   1.9953e+12   3.3063e+00
   2.5119e+12   3.0018e+00
   3.1623e+12   2.7931e+00
   3.9811e+12   2.6538e+00
   5.0119e+12   2.5625e+00
   6.3096e+12   2.5036e+00
   7.9433e+12   2.4657e+00
   1.0000e+13   2.4416e+00
   1.2589e+13   2.4263e+00
   1.5849e+13   2.4166e+00
   1.9953e+13   2.4105e+00
   2.5119e+13   2.4066e+00
   3.1623e+13   2.4042e+00
   3.9811e+13   2.4026e+00
   5.0119e+13   2.4017e+00
   6.3096e+13   2.4011e+00
   7.9433e+13   2.4007e+00
   1.0000e+14   2.4004e+00
