   0.00000   0.00000
  -0.00500   0.15724
  -0.01000   0.31351
  -0.01500   0.46785
  -0.02000   0.61933
  -0.02500   0.76700
  -0.03000   0.90996
  -0.03500   1.04734
  -0.04000   1.17829
  -0.04500   1.30201
  -0.05000   1.41775
  -0.05500   1.52479
  -0.06000   1.62248
  -0.06500   1.71024
  -0.07000   1.78751
  -0.07500   1.85385
  -0.08000   1.90884
  -0.08500   1.95217
  -0.09000   1.98358
  -0.09500   2.00289
  -0.10000   2.01001
  -0.10500   2.00490
  -0.11000   1.98764
  -0.11500   1.95835
  -0.12000   1.91727
  -0.12500   1.86468
  -0.13000   1.80099
  -0.13500   1.72665
  -0.14000   1.64224
  -0.14500   1.54841
  -0.15000   1.44592
  -0.15500   1.33567
  -0.16000   1.21871
  -0.16500   1.09632
  -0.17000   0.97013
  -0.17500   0.84234
  -0.18000   0.71622
  -0.18500   0.59704
  -0.19000   0.49400
  -0.19500   0.42268
  -0.20000   0.40267
  -0.20500   0.44169
  -0.21000   0.52621
  -0.21500   0.63699
  -0.22000   0.76073
  -0.22500   0.88979
  -0.23000   1.01970
  -0.23500   1.14761
  -0.24000   1.27154
  -0.24500   1.38999
  -0.25000   1.50175
  -0.25500   1.60582
  -0.26000   1.70135
  -0.26500   1.78760
  -0.27000   1.86395
  -0.27500   1.92987
  -0.28000   1.98492
  -0.28500   2.02874
  -0.29000   2.06108
  -0.29500   2.08175
  -0.30000   2.09068
  -0.30500   2.08786
  -0.31000   2.07340
  -0.31500   2.04749
  -0.32000   2.01042
  -0.32500   1.96260
  -0.33000   1.90452
  -0.33500   1.83683
  -0.34000   1.76026
  -0.34500   1.67576
  -0.35000   1.58440
  -0.35500   1.48754
  -0.36000   1.38678
  -0.36500   1.28414
  -0.37000   1.18215
  -0.37500   1.08404
  -0.38000   0.99394
  -0.38500   0.91693
  -0.39000   0.85893
  -0.39500   0.82575
  -0.40000   0.82150
  -0.40500   0.84699
  -0.41000   0.89934
  -0.41500   0.97332
  -0.42000   1.06304
  -0.42500   1.16312
  -0.43000   1.26915
  -0.43500   1.37764
  -0.44000   1.48582
  -0.44500   1.59151
  -0.45000   1.69298
  -0.45500   1.78877
  -0.46000   1.87772
  -0.46500   1.95884
  -0.47000   2.03130
  -0.47500   2.09444
  -0.48000   2.14770
  -0.48500   2.19067
  -0.49000   2.22303
  -0.49500   2.24459
  -0.50000   2.25525
  -0.50500   2.25504
  -0.51000   2.24408
  -0.51500   2.22263
  -0.52000   2.19105
  -0.52500   2.14984
  -0.53000   2.09962
  -0.53500   2.04117
  -0.54000   1.97543
  -0.54500   1.90351
  -0.55000   1.82676
  -0.55500   1.74673
  -0.56000   1.66526
  -0.56500   1.58452
  -0.57000   1.50699
  -0.57500   1.43548
  -0.58000   1.37309
  -0.58500   1.32301
  -0.59000   1.28823
  -0.59500   1.27119
  -0.60000   1.27331
  -0.60500   1.29472
  -0.61000   1.33428
  -0.61500   1.38979
  -0.62000   1.45841
  -0.62500   1.53709
  -0.63000   1.62281
  -0.63500   1.71281
  -0.64000   1.80462
  -0.64500   1.89610
  -0.65000   1.98540
  -0.65500   2.07096
  -0.66000   2.15142
  -0.66500   2.22565
  -0.67000   2.29270
  -0.67500   2.35178
  -0.68000   2.40227
  -0.68500   2.44366
  -0.69000   2.47560
  -0.69500   2.49786
  -0.70000   2.51034
  -0.70500   2.51306
  -0.71000   2.50618
  -0.71500   2.48998
  -0.72000   2.46488
  -0.72500   2.43144
  -0.73000   2.39035
  -0.73500   2.34246
  -0.74000   2.28880
  -0.74500   2.23055
  -0.75000   2.16906
  -0.75500   2.10589
  -0.76000   2.04277
  -0.76500   1.98160
  -0.77000   1.92442
  -0.77500   1.87337
  -0.78000   1.83055
  -0.78500   1.79797
  -0.79000   1.77731
  -0.79500   1.76983
  -0.80000   1.77621
  -0.80500   1.79647
  -0.81000   1.82999
  -0.81500   1.87558
  -0.82000   1.93161
  -0.82500   1.99620
  -0.83000   2.06734
  -0.83500   2.14300
  -0.84000   2.22124
  -0.84500   2.30025
  -0.85000   2.37837
  -0.85500   2.45412
  -0.86000   2.52619
  -0.86500   2.59344
  -0.87000   2.65489
  -0.87500   2.70972
  -0.88000   2.75727
  -0.88500   2.79700
  -0.89000   2.82853
  -0.89500   2.85163
  -0.90000   2.86617
  -0.90500   2.87219
  -0.91000   2.86984
  -0.91500   2.85943
  -0.92000   2.84137
  -0.92500   2.81625
  -0.93000   2.78478
  -0.93500   2.74780
  -0.94000   2.70631
  -0.94500   2.66145
  -0.95000   2.61447
  -0.95500   2.56677
  -0.96000   2.51983
  -0.96500   2.47521
  -0.97000   2.43452
  -0.97500   2.39932
  -0.98000   2.37111
  -0.98500   2.35120
  -0.99000   2.34066
  -0.99500   2.34027
  -1.00000   2.35040
  -1.00500   2.37106
  -1.01000   2.40185
  -1.01500   2.44201
  -1.02000   2.49050
  -1.02500   2.54606
  -1.03000   2.60727
  -1.03500   2.67264
  -1.04000   2.74069
  -1.04500   2.80993
  -1.05000   2.87900
  -1.05500   2.94658
  -1.06000   3.01151
  -1.06500   3.07273
  -1.07000   3.12932
  -1.07500   3.18050
  -1.08000   3.22560
  -1.08500   3.26412
  -1.09000   3.29567
  -1.09500   3.32002
  -1.10000   3.33704
  -1.10500   3.34676
  -1.11000   3.34934
  -1.11500   3.34506
  -1.12000   3.33434
  -1.12500   3.31773
  -1.13000   3.29591
  -1.13500   3.26966
  -1.14000   3.23991
  -1.14500   3.20766
  -1.15000   3.17403
  -1.15500   3.14019
  -1.16000   3.10740
  -1.16500   3.07689
  -1.17000   3.04992
  -1.17500   3.02766
  -1.18000   3.01120
  -1.18500   3.00148
  -1.19000   2.99922
  -1.19500   3.00495
  -1.20000   3.01892
  -1.20500   3.04112
  -1.21000   3.07126
  -1.21500   3.10884
  -1.22000   3.15312
  -1.22500   3.20319
  -1.23000   3.25802
  -1.23500   3.31648
  -1.24000   3.37742
  -1.24500   3.43967
  -1.25000   3.50208
  -1.25500   3.56358
  -1.26000   3.62313
  -1.26500   3.67983
  -1.27000   3.73284
  -1.27500   3.78145
  -1.28000   3.82507
  -1.28500   3.86321
  -1.29000   3.89551
  -1.29500   3.92176
  -1.30000   3.94183
  -1.30500   3.95575
  -1.31000   3.96366
  -1.31500   3.96584
  -1.32000   3.96265
  -1.32500   3.95461
  -1.33000   3.94231
  -1.33500   3.92647
  -1.34000   3.90790
  -1.34500   3.88747
  -1.35000   3.86613
  -1.35500   3.84486
  -1.36000   3.82468
  -1.36500   3.80659
  -1.37000   3.79157
  -1.37500   3.78052
  -1.38000   3.77427
  -1.38500   3.77350
  -1.39000   3.77875
  -1.39500   3.79039
  -1.40000   3.80860
