0.572958      1
1.3178      0.999989
2.06265      0.999931
2.80749      0.999764
3.55234      0.999394
4.29718      0.998704
5.04203      0.997545
5.78687      0.995744
6.53172      0.993101
7.27656      0.989391
8.02141      0.984367
8.76625      0.977758
9.5111      0.969281
10.2559      0.958633
11.0008      0.945507
11.7456      0.929591
12.4905      0.910578
13.2353      0.888175
13.9802      0.862109
14.725      0.832144
15.4699      0.798086
16.2147      0.759802
16.9596      0.71723
17.7044      0.670392
18.4492      0.61941
19.1941      0.564517
19.9389      0.506066
20.6838      0.444543
21.4286      0.380564
22.1735      0.314886
22.9183      0.248392
23.6632      0.182088
24.408      0.117081
25.1528      0.0545592
25.8977      -0.0042458
26.6425      -0.0580934
27.3874      -0.105781
28.1322      -0.146196
28.8771      -0.178368
29.6219      -0.201526
30.3668      -0.21515
31.1116      -0.219023
31.8565      -0.213267
32.6013      -0.198373
33.3461      -0.175211
34.091      -0.145022
34.8358      -0.109385
35.5807      -0.0701683
36.3255      -0.0294495
37.0704      0.0105808
37.8152      0.0477341
38.5601      0.0799494
39.3049      0.105424
40.0497      0.12274
40.7946      0.130972
41.5394      0.129773
42.2843      0.119429
43.0291      0.10086
43.774      0.0755893
44.5188      0.0456453
45.2637      0.0134318
46.0085      -0.0184505
46.7534      -0.0474082
47.4982      -0.071072
48.243      -0.0875074
48.9879      -0.0953989
49.7327      -0.0941882
50.4776      -0.0841486
51.2224      -0.0663835
51.9673      -0.0427437
52.7121      -0.015665
53.457      0.0120614
54.2018      0.0375672
54.9467      0.0582053
55.6915      0.0718385
56.4363      0.0770839
57.1812      0.0734827
57.926      0.0615718
58.6709      0.0428424
59.4157      0.0195844
60.1606      -0.00537009
60.9054      -0.0289791
61.6503      -0.0483592
62.3951      -0.0611476
63.1399      -0.0658081
63.8848      -0.0618409
64.6296      -0.0498634
65.3745      -0.0315451
66.1193      -0.00940016
66.8642      0.0135397
67.609      0.0341317
68.3539      0.0495541
69.0987      0.057703
69.8436      0.0574972
70.5884      0.0490429
71.3332      0.0336312
72.0781      0.0135625
72.8229      -0.0081807
73.5678      -0.0283677
74.3126      -0.0439985
75.0575      -0.0527556
75.8023      -0.0533599
76.5472      -0.045773
77.292      -0.0312117
78.0369      -0.0119687
78.7817      0.00893667
79.5265      0.0282253
80.2714      0.0428717
81.0162      0.0505823
81.7611      0.0501624
82.5059      0.0417107
83.2508      0.0266093
83.9956      0.00730612
84.7405      -0.0130751
85.4853      -0.0312366
86.2301      -0.0442397
86.975      -0.0499822
87.7198      -0.0475406
88.4647      -0.0373229
89.2095      -0.0210034
89.9544      -0.00125074
90.6992      0.0187063
91.4441      0.0356058
92.1889      0.0466844
92.9338      0.0501275
93.6786      0.0453642
94.4234      0.0331587
95.1683      0.015484
95.9131      -0.00480029
96.658      -0.024412
97.4028      -0.0401776
98.1477      -0.0495425
98.8925      -0.0509785
99.6374      -0.0442247
100.382      -0.030324
101.127      -0.011452
101.872      0.00943133
102.617      0.0290503
103.362      0.0443269
104.106      0.0528578
104.851      0.0532808
105.596      0.0454775
106.341      0.0305823
107.086      0.0108019
107.831      -0.0109242
108.576      -0.0313678
109.32      -0.047491
110.065      -0.0568896
110.81      -0.0581362
111.555      -0.0509757
112.3      -0.0363495
113.045      -0.0162501
113.789      0.00656859
114.534      0.0289802
115.279      0.0479163
116.024      0.0607799
116.769      0.0657839
117.514      0.0621759
118.258      0.05032
119.003      0.0316345
119.748      0.00839578
120.493      -0.0165578
121.238      -0.0401834
121.983      -0.0596044
122.728      -0.0724488
123.472      -0.0771169
124.217      -0.0729504
124.962      -0.0602878
125.707      -0.0404061
126.452      -0.0153621
127.197      0.0122449
127.941      0.0395573
128.686      0.0637589
129.431      0.0823567
130.176      0.0934183
130.921      0.0957423
131.666      0.0889523
132.411      0.0735071
133.155      0.0506357
133.9      0.022206
134.645      -0.00945499
135.39      -0.0417696
136.135      -0.0721266
136.88      -0.0980883
137.624      -0.117571
138.369      -0.128985
139.114      -0.131332
139.859      -0.12425
140.604      -0.108008
141.349      -0.0834654
142.094      -0.0519855
142.838      -0.0153304
143.583      0.0244638
144.328      0.0652171
145.073      0.104733
145.818      0.140913
146.563      0.171861
147.307      0.195958
148.052      0.211919
148.797      0.218829
149.542      0.216149
150.287      0.203715
151.032      0.181703
151.777      0.150599
152.521      0.111145
153.266      0.0642903
154.011      0.011134
154.756      -0.0471301
155.501      -0.109264
156.246      -0.174031
156.99      -0.240237
157.735      -0.306764
158.48      -0.372593
159.225      -0.436823
159.97      -0.498683
160.715      -0.557539
161.46      -0.612889
162.204      -0.664365
162.949      -0.71172
163.694      -0.754818
164.439      -0.793625
165.184      -0.828195
165.929      -0.858652
166.673      -0.885183
167.418      -0.908022
168.163      -0.927434
168.908      -0.943713
169.653      -0.957165
170.398      -0.968099
171.142      -0.976826
171.887      -0.983648
172.632      -0.988852
173.377      -0.992709
174.122      -0.99547
174.867      -0.997363
175.612      -0.99859
176.356      -0.99933
177.101      -0.999731
177.846      -0.999918
178.591      -0.999985
179.336      -0.999999
180.081      -1
180.825      -0.999998
181.57      -0.999977
182.315      -0.999891
183.06      -0.999666
183.805      -0.999203
184.55      -0.998372
185.295      -0.997016
186.039      -0.994953
186.784      -0.991975
187.529      -0.987848
188.274      -0.982318
189.019      -0.975109
189.764      -0.965929
190.508      -0.954476
191.253      -0.940439
191.998      -0.923507
192.743      -0.903377
193.488      -0.879761
194.233      -0.852398
194.978      -0.821064
195.722      -0.785585
196.467      -0.74585
197.212      -0.701825
197.957      -0.653563
198.702      -0.601223
199.447      -0.545078
200.191      -0.485524
200.936      -0.423092
201.681      -0.358446
202.426      -0.292386
203.171      -0.225838
203.916      -0.159845
204.661      -0.0955453
205.405      -0.034144
206.15      0.0231184
206.895      0.0750091
207.64      0.12035
208.385      0.15807
209.13      0.187261
209.874      0.207231
210.619      0.217557
211.364      0.218133
212.109      0.209205
212.854      0.191392
213.599      0.165691
214.344      0.133462
215.088      0.0963901
215.833      0.0564236
216.578      0.0156904
217.323      -0.0236061
218.068      -0.059306
218.813      -0.0894214
219.557      -0.112267
220.302      -0.126579
221.047      -0.131621
221.792      -0.127258
222.537      -0.113991
223.282      -0.0929518
224.026      -0.0658471
224.771      -0.0348505
225.516      -0.00245384
226.261      0.0287209
227.006      0.0561318
227.751      0.0775342
228.496      0.0911848
229.24      0.0960122
229.985      0.0917353
230.73      0.078913
231.475      0.0589156
232.22      0.0338139
232.965      0.00619288
233.709      -0.0210973
234.454      -0.0452295
235.199      -0.063699
235.944      -0.0745999
236.689      -0.0768481
237.434      -0.0703199
238.179      -0.055886
238.923      -0.0353314
239.668      -0.011163
240.413      0.0136761
241.158      0.0361555
241.903      0.0535299
242.648      0.0636862
243.392      0.0654221
244.137      0.0586146
244.882      0.0442525
245.627      0.0243215
246.372      0.00155294
247.117      -0.0209359
247.862      -0.0400631
248.606      -0.0532093
249.351      -0.0585894
250.096      -0.0555142
250.841      -0.0445008
251.586      -0.0272104
252.331      -0.00621759
253.075      0.0153585
253.82      0.0343116
254.565      0.0478258
255.31      0.0539027
256.055      0.0516698
256.8      0.0415227
257.545      0.0250723
258.289      0.0049039
259.034      -0.0158187
259.779      -0.033845
260.524      -0.0463482
261.269      -0.0513737
262.014      -0.0481532
262.758      -0.0372326
263.503      -0.0203891
264.248      -0.000350609
264.993      0.0196405
265.738      0.0363495
266.483      0.0470731
267.228      0.0500789
267.972      0.0448886
268.717      0.0323574
269.462      0.0145366
270.207      -0.0056601
270.952      -0.0249317
271.697      -0.040128
272.441      -0.0487634
273.186      -0.0494213
273.931      -0.0419842
274.676      -0.0276507
275.421      -0.00873902
276.166      0.0116907
276.911      0.0303331
277.655      0.0441706
278.4      0.0509583
279.145      0.0495805
279.89      0.0402248
280.635      0.0243469
281.38      0.0044351
282.124      -0.0163873
282.869      -0.0348544
283.614      -0.0480674
284.359      -0.0539423
285.104      -0.0515253
285.849      -0.0411314
286.593      -0.0242878
287.338      -0.00349411
288.083      0.0181593
288.828      0.0374553
289.573      0.0515251
290.318      0.0582637
291.063      0.0566277
291.807      0.0467734
292.552      0.0300232
293.297      0.00866591
294.042      -0.0143712
294.787      -0.0359328
295.532      -0.0530667
296.276      -0.0634175
297.021      -0.0655306
297.766      -0.0590301
298.511      -0.0446518
299.256      -0.0241325
300.001      2.35557e-05
300.746      0.0248671
301.49      0.0473708
302.235      0.064794
302.98      0.075001
303.725      0.0766979
304.47      0.0695639
305.215      0.0542675
305.959      0.0323726
306.704      0.00614928
307.449      -0.0216821
308.194      -0.0482447
308.939      -0.0708022
309.684      -0.0870278
310.429      -0.0952216
311.173      -0.0944556
311.918      -0.0846392
312.663      -0.0665034
313.408      -0.0415113
314.153      -0.0117083
314.898      0.0204692
315.642      0.0524081
316.387      0.0815339
317.132      0.10551
317.877      0.122407
318.622      0.130828
319.367      0.129987
320.112      0.119738
320.856      0.100559
321.601      0.0734891
322.346      0.0400409
323.091      0.00208351
323.836      -0.0382835
324.581      -0.0788606
325.325      -0.117472
326.07      -0.152079
326.815      -0.18087
327.56      -0.202335
328.305      -0.215311
329.05      -0.219011
329.795      -0.213025
330.539      -0.197307
331.284      -0.172144
332.029      -0.138114
332.774      -0.0960367
333.519      -0.0469167
334.264      0.00810829
335.008      0.0678237
335.753      0.130987
336.498      0.196373
337.243      0.262809
337.988      0.329208
338.733      0.394589
339.477      0.458095
340.222      0.519001
340.967      0.576718
341.712      0.63079
342.457      0.68089
343.202      0.726811
343.947      0.768454
344.691      0.805815
345.436      0.838973
346.181      0.868076
346.926      0.893327
347.671      0.914973
348.416      0.933289
349.16      0.948575
349.905      0.961138
350.65      0.97129
351.395      0.979338
352.14      0.985579
352.885      0.990297
353.63      0.993756
354.374      0.996198
355.119      0.997844
355.864      0.998888
356.609      0.999497
357.354      0.999813
358.099      0.99995
358.843      0.999993
359.588      1
360.333      1
